object={
	name="bush_01_generator_1_0"
	clamp_to_water_level=no
	render_under_water=no
	generated_content=yes
	layer="semidynamic_medium"
	pdxmesh="tree_bush_01_mesh"
	count=27
	transform="4382.236816 0.000000 2424.873535 0.000000 0.733571 0.000000 0.679613 0.127974 0.127974 0.127974
4382.060547 0.000000 2420.498535 0.000000 0.937449 0.000000 0.348122 0.127947 0.127947 0.127947
4370.230469 0.000000 2410.379395 0.000000 0.902033 0.000000 -0.431667 0.134659 0.134659 0.134659
4372.436035 0.000000 2414.615723 0.000000 0.728634 0.000000 0.684903 0.161297 0.161297 0.161297
4367.870117 0.000000 2409.166504 0.000000 0.794094 0.000000 0.607795 0.146469 0.146469 0.146469
4386.508301 0.000000 2418.909424 0.000000 0.039002 0.000000 0.999239 0.142820 0.142820 0.142820
4360.076660 0.000000 2416.397217 0.000000 0.105814 0.000000 0.994386 0.147947 0.147947 0.147947
4368.583984 0.000000 2410.699951 0.000000 0.997946 0.000000 0.064056 0.171638 0.171638 0.171638
4374.025391 0.000000 2414.637695 0.000000 0.638515 0.000000 0.769610 0.178072 0.178072 0.178072
7677.658691 0.000000 2972.503174 0.000000 0.724171 0.000000 0.689620 0.126277 0.126277 0.126277
7677.611816 0.000000 2975.947266 0.000000 0.474538 0.000000 0.880235 0.129847 0.129847 0.129847
7700.968750 0.000000 2989.312500 0.000000 0.653430 0.000000 0.756987 0.122060 0.122060 0.122060
7705.505859 0.000000 2990.959229 0.000000 0.731569 0.000000 0.681767 0.130149 0.130149 0.130149
7698.579102 0.000000 2992.376465 0.000000 0.820889 0.000000 -0.571088 0.137626 0.137626 0.137626
7706.122559 0.000000 3004.480225 0.000000 0.999241 0.000000 -0.038945 0.136303 0.136303 0.136303
7718.893555 0.000000 3013.119141 0.000000 0.671107 0.000000 0.741361 0.128698 0.128698 0.128698
7703.491699 0.000000 2994.303467 0.000000 0.788499 0.000000 0.615036 0.128877 0.128877 0.128877
7720.763184 0.000000 3008.793945 0.000000 0.999615 0.000000 0.027745 0.146089 0.146089 0.146089
7708.431641 0.000000 3001.179688 0.000000 0.672107 0.000000 0.740454 0.140157 0.140157 0.140157
7705.661133 0.000000 2996.738037 0.000000 0.999651 0.000000 0.026435 0.153932 0.153932 0.153932
7721.676758 0.000000 3011.738770 0.000000 0.896724 0.000000 -0.442591 0.148352 0.148352 0.148352
7718.337891 0.000000 3007.407959 0.000000 0.400139 0.000000 0.916455 0.138665 0.138665 0.138665
7709.958984 0.000000 3003.872314 0.000000 0.919724 0.000000 -0.392566 0.148664 0.148664 0.148664
7702.782715 0.000000 3000.975342 0.000000 0.955130 0.000000 0.296187 0.139270 0.139270 0.139270
7703.068359 0.000000 2998.183105 0.000000 0.745078 0.000000 0.666977 0.143367 0.143367 0.143367
7718.385742 0.000000 3010.516846 0.000000 0.975600 0.000000 -0.219554 0.147249 0.147249 0.147249
7707.678223 0.000000 2998.686035 0.000000 0.069544 0.000000 0.997579 0.140832 0.140832 0.140832
"}
object={
	name="bush_01_generator_1_1"
	clamp_to_water_level=no
	render_under_water=no
	generated_content=yes
	layer="semidynamic_medium"
	pdxmesh="tree_bush_02_mesh"
	count=10
	transform="4361.866211 0.000000 2411.416016 0.000000 0.091905 0.000000 -0.995768 0.147822 0.147822 0.147822
4369.033691 0.000000 2412.304688 0.000000 0.470055 0.000000 -0.882637 0.159365 0.159365 0.159365
4384.293457 0.000000 2421.351318 0.000000 0.251454 0.000000 -0.967869 0.175111 0.175111 0.175111
7701.934570 0.000000 2991.999512 0.000000 0.120246 0.000000 -0.992744 0.146521 0.146521 0.146521
7708.793945 0.000000 2996.513672 0.000000 0.264493 0.000000 -0.964388 0.134196 0.134196 0.134196
7700.569336 0.000000 2999.058350 0.000000 0.548209 0.000000 -0.836341 0.149673 0.149673 0.149673
7711.826172 0.000000 3001.794189 0.000000 0.319535 0.000000 -0.947574 0.132213 0.132213 0.132213
7705.237793 0.000000 2999.830811 0.000000 0.162245 0.000000 -0.986750 0.158039 0.158039 0.158039
7700.994629 0.000000 2996.224609 0.000000 0.726375 0.000000 -0.687299 0.145729 0.145729 0.145729
7706.165527 0.000000 3001.929688 0.000000 0.799006 0.000000 -0.601323 0.152652 0.152652 0.152652
"}
