object={
	name="bush_01_generator_2_0"
	clamp_to_water_level=no
	render_under_water=no
	generated_content=yes
	layer="semidynamic_high"
	pdxmesh="tree_bush_01_mesh"
	count=175
	transform="4332.662598 0.000000 2366.439453 0.000000 0.824972 0.000000 -0.565174 0.118754 0.118754 0.118754
4345.910645 0.000000 2363.810303 0.000000 0.646775 0.000000 0.762681 0.102959 0.102959 0.102959
4347.981445 0.000000 2371.078613 0.000000 0.815835 0.000000 0.578285 0.098037 0.098037 0.098037
4329.064941 0.000000 2367.564941 0.000000 0.726501 0.000000 0.687166 0.101142 0.101142 0.101142
4333.386719 0.000000 2370.566406 0.000000 0.472502 0.000000 0.881329 0.107657 0.107657 0.107657
4350.390625 0.000000 2371.619873 0.000000 0.994659 0.000000 -0.103212 0.103421 0.103421 0.103421
4345.072754 0.000000 2365.976562 0.000000 0.984428 0.000000 -0.175787 0.122816 0.122816 0.122816
4347.003418 0.000000 2361.869141 0.000000 0.945531 0.000000 -0.325533 0.120587 0.120587 0.120587
4330.638672 0.000000 2366.291992 0.000000 0.960369 0.000000 -0.278731 0.114748 0.114748 0.114748
4328.389160 0.000000 2369.489746 0.000000 0.866959 0.000000 0.498380 0.117897 0.117897 0.117897
4349.282227 0.000000 2359.814697 0.000000 0.580524 0.000000 0.814243 0.117344 0.117344 0.117344
4346.520996 0.000000 2369.771973 0.000000 0.586156 0.000000 0.810198 0.115740 0.115740 0.115740
4331.722656 0.000000 2371.182617 0.000000 0.341632 0.000000 0.939834 0.117378 0.117378 0.117378
4350.675293 0.000000 2367.610596 0.000000 0.773408 0.000000 0.633909 0.141927 0.141927 0.141927
4347.964844 0.000000 2367.161133 0.000000 0.420126 0.000000 0.907466 0.143085 0.143085 0.143085
4329.936523 0.000000 2368.955811 0.000000 0.869164 0.000000 -0.494524 0.121862 0.121862 0.121862
4348.104492 0.000000 2369.513184 0.000000 0.995932 0.000000 -0.090112 0.130345 0.130345 0.130345
4349.367188 0.000000 2366.995117 0.000000 0.926176 0.000000 0.377091 0.173192 0.173192 0.173192
4350.147949 0.000000 2360.814209 0.000000 0.734216 0.000000 0.678916 0.172825 0.172825 0.172825
4346.116699 0.000000 2365.175537 0.000000 0.198380 0.000000 0.980125 0.167697 0.167697 0.167697
4346.264648 0.000000 2366.497314 0.000000 0.932783 0.000000 -0.360438 0.150202 0.150202 0.150202
4346.917480 0.000000 2363.105957 0.000000 0.926739 0.000000 -0.375706 0.165024 0.165024 0.165024
4347.012207 0.000000 2364.286133 0.000000 0.922829 0.000000 -0.385210 0.177557 0.177557 0.177557
4350.141113 0.000000 2362.727539 0.000000 0.911737 0.000000 0.410775 0.197305 0.197305 0.197305
4348.564941 0.000000 2366.229004 0.000000 0.909543 0.000000 -0.415610 0.177742 0.177742 0.177742
4350.093750 0.000000 2364.736328 0.000000 0.882155 0.000000 -0.470960 0.191742 0.191742 0.191742
4351.416016 0.000000 2362.666260 0.000000 0.074404 0.000000 0.997228 0.190474 0.190474 0.190474
4351.422852 0.000000 2364.325928 0.000000 0.379557 0.000000 0.925168 0.181695 0.181695 0.181695
4349.234863 0.000000 2364.554443 0.000000 0.687256 0.000000 0.726415 0.194824 0.194824 0.194824
4328.832520 0.000000 2375.844971 0.000000 0.995803 0.000000 -0.091523 0.106753 0.106753 0.106753
4333.943359 0.000000 2374.698730 0.000000 0.942322 0.000000 -0.334707 0.101086 0.101086 0.101086
4338.842773 0.000000 2390.213623 0.000000 0.837373 0.000000 0.546632 0.115481 0.115481 0.115481
4330.673340 0.000000 2372.487549 0.000000 0.990518 0.000000 -0.137386 0.118163 0.118163 0.118163
4335.145508 0.000000 2390.491699 0.000000 0.836394 0.000000 -0.548128 0.101847 0.101847 0.101847
4336.918945 0.000000 2387.329834 0.000000 0.892851 0.000000 -0.450353 0.108025 0.108025 0.108025
4341.566895 0.000000 2384.805908 0.000000 0.980536 0.000000 -0.196338 0.129662 0.129662 0.129662
4341.428223 0.000000 2390.185059 0.000000 0.909970 0.000000 -0.414674 0.101361 0.101361 0.101361
4328.647949 0.000000 2373.670410 0.000000 0.910043 0.000000 0.414513 0.115494 0.115494 0.115494
4336.914551 0.000000 2389.527344 0.000000 0.795207 0.000000 0.606338 0.111367 0.111367 0.111367
4338.709961 0.000000 2386.433594 0.000000 0.194815 0.000000 0.980840 0.120535 0.120535 0.120535
4341.177734 0.000000 2382.864258 0.000000 0.984235 0.000000 -0.176865 0.146483 0.146483 0.146483
4338.516602 0.000000 2388.375244 0.000000 0.940333 0.000000 0.340255 0.125765 0.125765 0.125765
4339.291016 0.000000 2382.767822 0.000000 0.236959 0.000000 0.971520 0.136802 0.136802 0.136802
4340.241699 0.000000 2384.078613 0.000000 0.420980 0.000000 0.907070 0.124191 0.124191 0.124191
4352.156738 0.000000 2370.759521 0.000000 0.126259 0.000000 0.991997 0.095403 0.095403 0.095403
4353.843750 0.000000 2362.239014 0.000000 0.377403 0.000000 0.926049 0.123996 0.123996 0.123996
4352.254883 0.000000 2419.484619 0.000000 0.980439 0.000000 0.196824 0.099369 0.099369 0.099369
4355.505371 0.000000 2415.770020 0.000000 0.826803 0.000000 0.562491 0.113212 0.113212 0.113212
4390.346680 0.000000 2426.601318 0.000000 0.401756 0.000000 0.915747 0.096316 0.096316 0.096316
4352.009766 0.000000 2414.536377 0.000000 0.834785 0.000000 -0.550577 0.104424 0.104424 0.104424
4393.064941 0.000000 2424.049316 0.000000 0.996267 0.000000 -0.086320 0.100275 0.100275 0.100275
4387.689941 0.000000 2423.945312 0.000000 0.688609 0.000000 0.725133 0.120067 0.120067 0.120067
4354.575684 0.000000 2413.470703 0.000000 0.335241 0.000000 0.942132 0.096896 0.096896 0.096896
4388.144531 0.000000 2421.305176 0.000000 0.968027 0.000000 -0.250847 0.133845 0.133845 0.133845
4357.729492 0.000000 2414.372559 0.000000 0.998259 0.000000 0.058977 0.118544 0.118544 0.118544
4358.997070 0.000000 2412.600586 0.000000 0.897231 0.000000 -0.441561 0.119360 0.119360 0.119360
4391.167969 0.000000 2420.813721 0.000000 0.084148 0.000000 0.996453 0.107810 0.107810 0.107810
4388.742188 0.000000 2425.548828 0.000000 0.999924 0.000000 0.012298 0.120961 0.120961 0.120961
4356.189941 0.000000 2417.507080 0.000000 0.215151 0.000000 0.976581 0.106144 0.106144 0.106144
4366.389648 0.000000 2410.128174 0.000000 0.964147 0.000000 0.265367 0.142191 0.142191 0.142191
4369.862305 0.000000 2408.671143 0.000000 0.975163 0.000000 -0.221487 0.116227 0.116227 0.116227
4368.583984 0.000000 2410.699951 0.000000 0.997946 0.000000 0.064056 0.129148 0.129148 0.129148
4389.577148 0.000000 2420.512207 0.000000 0.999952 0.000000 -0.009770 0.132814 0.132814 0.132814
4389.366211 0.000000 2424.043457 0.000000 0.936433 0.000000 0.350847 0.119628 0.119628 0.119628
4386.144043 0.000000 2423.333252 0.000000 0.991051 0.000000 -0.133485 0.123775 0.123775 0.123775
4364.607910 0.000000 2409.279297 0.000000 0.836778 0.000000 0.547543 0.145721 0.145721 0.145721
4388.687500 0.000000 2422.914062 0.000000 0.900929 0.000000 -0.433966 0.147740 0.147740 0.147740
4366.689941 0.000000 2408.687988 0.000000 0.718662 0.000000 0.695360 0.138268 0.138268 0.138268
7678.419434 0.000000 2979.334717 0.000000 0.858183 0.000000 -0.513343 0.101716 0.101716 0.101716
7674.305176 0.000000 2981.168945 0.000000 0.924595 0.000000 0.380953 0.101799 0.101799 0.101799
7679.509766 0.000000 2974.406006 0.000000 0.883094 0.000000 0.469197 0.100927 0.100927 0.100927
7700.089355 0.000000 2982.004395 0.000000 0.958915 0.000000 -0.283692 0.100916 0.100916 0.100916
7705.621582 0.000000 2985.062256 0.000000 0.813255 0.000000 -0.581907 0.105690 0.105690 0.105690
7694.953125 0.000000 2991.159180 0.000000 0.957660 0.000000 0.287902 0.114888 0.114888 0.114888
7696.971680 0.000000 2986.364502 0.000000 0.211879 0.000000 0.977296 0.095680 0.095680 0.095680
7701.502930 0.000000 2985.506592 0.000000 0.908058 0.000000 -0.418844 0.105067 0.105067 0.105067
7707.595215 0.000000 2987.711182 0.000000 0.634877 0.000000 0.772613 0.105629 0.105629 0.105629
7703.836426 0.000000 2987.800293 0.000000 0.993524 0.000000 0.113627 0.128385 0.128385 0.128385
7690.072266 0.000000 2993.359619 0.000000 0.457468 0.000000 0.889226 0.107056 0.107056 0.107056
7708.380371 0.000000 2992.037842 0.000000 0.548224 0.000000 0.836332 0.098203 0.098203 0.098203
7692.375000 0.000000 2991.855225 0.000000 0.706177 0.000000 0.708035 0.101046 0.101046 0.101046
7699.443848 0.000000 2987.107178 0.000000 0.085049 0.000000 0.996377 0.106213 0.106213 0.106213
7703.348633 0.000000 2990.186035 0.000000 0.103735 0.000000 0.994605 0.134051 0.134051 0.134051
7707.673340 0.000000 2989.960938 0.000000 0.983269 0.000000 -0.182161 0.126222 0.126222 0.126222
7705.618652 0.000000 2988.864746 0.000000 0.710652 0.000000 0.703544 0.138762 0.138762 0.138762
7700.141113 0.000000 2991.119385 0.000000 0.995842 0.000000 -0.091101 0.140463 0.140463 0.140463
7703.416992 0.000000 2985.120361 0.000000 0.834994 0.000000 0.550259 0.105568 0.105568 0.105568
7694.368652 0.000000 2993.041016 0.000000 0.884406 0.000000 -0.466719 0.117759 0.117759 0.117759
7706.529785 0.000000 2992.594238 0.000000 0.998997 0.000000 -0.044785 0.123425 0.123425 0.123425
7696.905273 0.000000 2991.086914 0.000000 0.066330 0.000000 0.997798 0.110946 0.110946 0.110946
7705.774414 0.000000 2986.886719 0.000000 0.298931 0.000000 0.954275 0.124729 0.124729 0.124729
7698.536621 0.000000 2990.657227 0.000000 0.875532 0.000000 -0.483160 0.124089 0.124089 0.124089
7702.444824 0.000000 2988.886230 0.000000 0.921673 0.000000 0.387968 0.144364 0.144364 0.144364
7704.325195 0.000000 2986.327881 0.000000 0.517400 0.000000 0.855744 0.125723 0.125723 0.125723
7701.894043 0.000000 2990.461426 0.000000 0.249327 0.000000 0.968419 0.134177 0.134177 0.134177
7702.249023 0.000000 2993.554688 0.000000 0.379275 0.000000 0.925284 0.122926 0.122926 0.122926
7688.407715 0.000000 3001.484131 0.000000 0.271766 0.000000 0.962363 0.095876 0.095876 0.095876
7728.541992 0.000000 3016.257080 0.000000 0.863790 0.000000 -0.503852 0.117916 0.117916 0.117916
7694.873047 0.000000 3001.718994 0.000000 0.936068 0.000000 -0.351820 0.101144 0.101144 0.101144
7687.914551 0.000000 2995.508789 0.000000 0.972327 0.000000 -0.233625 0.100751 0.100751 0.100751
7724.083496 0.000000 3013.732910 0.000000 0.999782 0.000000 0.020885 0.115329 0.115329 0.115329
7698.283691 0.000000 2994.804688 0.000000 0.822665 0.000000 0.568526 0.123624 0.123624 0.123624
7715.991211 0.000000 3009.398438 0.000000 0.852158 0.000000 0.523284 0.122740 0.122740 0.122740
7733.994141 0.000000 3014.958008 0.000000 0.893651 0.000000 0.448763 0.114249 0.114249 0.114249
7701.668945 0.000000 3003.460693 0.000000 0.818916 0.000000 -0.573914 0.101946 0.101946 0.101946
7695.831543 0.000000 2997.843750 0.000000 0.910614 0.000000 -0.413258 0.122649 0.122649 0.122649
7720.974609 0.000000 3005.193359 0.000000 0.227476 0.000000 0.973784 0.104043 0.104043 0.104043
7727.145508 0.000000 3011.819824 0.000000 0.820190 0.000000 -0.572091 0.101939 0.101939 0.101939
7709.020508 0.000000 3006.502197 0.000000 0.855969 0.000000 -0.517027 0.118542 0.118542 0.118542
7722.288574 0.000000 3016.819580 0.000000 0.342548 0.000000 0.939500 0.104459 0.104459 0.104459
7706.987305 0.000000 2993.760742 0.000000 0.999681 0.000000 -0.025276 0.123348 0.123348 0.123348
7688.667480 0.000000 2998.451172 0.000000 0.342765 0.000000 0.939421 0.097998 0.097998 0.097998
7731.016113 0.000000 3014.522949 0.000000 0.865128 0.000000 -0.501551 0.117906 0.117906 0.117906
7716.759766 0.000000 3015.048096 0.000000 0.809790 0.000000 0.586720 0.098004 0.098004 0.098004
7710.961914 0.000000 2994.633301 0.000000 0.468597 0.000000 0.883412 0.097905 0.097905 0.097905
7715.200195 0.000000 3006.468750 0.000000 0.776934 0.000000 0.629582 0.118385 0.118385 0.118385
7716.029297 0.000000 3012.224609 0.000000 0.386814 0.000000 0.922158 0.122959 0.122959 0.122959
7705.706543 0.000000 3007.311279 0.000000 0.650686 0.000000 0.759346 0.097255 0.097255 0.097255
7724.352051 0.000000 3010.932861 0.000000 0.990086 0.000000 0.140465 0.120466 0.120466 0.120466
7713.491699 0.000000 2999.567139 0.000000 0.990757 0.000000 -0.135649 0.102402 0.102402 0.102402
7725.942871 0.000000 3015.612793 0.000000 0.890605 0.000000 -0.454777 0.118846 0.118846 0.118846
7729.394043 0.000000 3019.001709 0.000000 0.787899 0.000000 0.615805 0.103098 0.103098 0.103098
7721.128906 0.000000 3014.537598 0.000000 0.993855 0.000000 0.110686 0.106067 0.106067 0.106067
7700.805176 0.000000 2993.739502 0.000000 0.881271 0.000000 0.472611 0.131796 0.131796 0.131796
7699.894531 0.000000 3001.443604 0.000000 0.843609 0.000000 0.536957 0.108373 0.108373 0.108373
7723.095215 0.000000 3007.990479 0.000000 0.587583 0.000000 0.809164 0.126072 0.126072 0.126072
7704.077637 0.000000 3003.068359 0.000000 0.807275 0.000000 0.590176 0.129556 0.129556 0.129556
7713.365723 0.000000 3003.846680 0.000000 0.886498 0.000000 -0.462732 0.118311 0.118311 0.118311
7728.587891 0.000000 3013.925049 0.000000 0.350790 0.000000 0.936454 0.107721 0.107721 0.107721
7694.033691 0.000000 2999.562744 0.000000 0.998995 0.000000 0.044823 0.107969 0.107969 0.107969
7727.448242 0.000000 3018.179443 0.000000 0.085438 0.000000 0.996343 0.106214 0.106214 0.106214
7726.245605 0.000000 3013.594482 0.000000 0.246011 0.000000 0.969267 0.105719 0.105719 0.105719
7732.679199 0.000000 3013.361084 0.000000 0.822267 0.000000 -0.569102 0.111349 0.111349 0.111349
7710.725586 0.000000 2997.264404 0.000000 0.986842 0.000000 -0.161687 0.109808 0.109808 0.109808
7732.393066 0.000000 3016.065430 0.000000 0.565758 0.000000 0.824571 0.112388 0.112388 0.112388
7703.366211 0.000000 2996.324463 0.000000 0.274809 0.000000 0.961499 0.141815 0.141815 0.141815
7705.304688 0.000000 2994.665527 0.000000 0.849320 0.000000 0.527878 0.142530 0.142530 0.142530
7707.120117 0.000000 2995.620605 0.000000 0.840368 0.000000 0.542016 0.135302 0.135302 0.135302
7720.256348 0.000000 3010.519531 0.000000 0.851590 0.000000 0.524208 0.143650 0.143650 0.143650
7710.652344 0.000000 3005.757324 0.000000 0.443275 0.000000 0.896386 0.119969 0.119969 0.119969
7707.877441 0.000000 3005.162842 0.000000 0.501088 0.000000 0.865396 0.131602 0.131602 0.131602
7697.145996 0.000000 2996.226074 0.000000 0.804823 0.000000 0.593516 0.118012 0.118012 0.118012
7711.632324 0.000000 3004.340576 0.000000 0.962109 0.000000 0.272665 0.123276 0.123276 0.123276
7696.728516 0.000000 2993.678467 0.000000 0.756682 0.000000 0.653783 0.117716 0.117716 0.117716
7704.512695 0.000000 3001.404785 0.000000 0.402664 0.000000 0.915348 0.144074 0.144074 0.144074
7706.957520 0.000000 3000.298584 0.000000 0.383201 0.000000 0.923665 0.143973 0.143973 0.143973
7713.519531 0.000000 3001.532959 0.000000 0.983676 0.000000 0.179950 0.114184 0.114184 0.114184
7719.089844 0.000000 3008.985107 0.000000 0.643270 0.000000 0.765639 0.142160 0.142160 0.142160
7704.779785 0.000000 2998.208496 0.000000 0.109218 0.000000 0.994018 0.144224 0.144224 0.144224
7714.375977 0.000000 3010.114502 0.000000 0.101824 0.000000 0.994802 0.118021 0.118021 0.118021
7709.325684 0.000000 2998.146973 0.000000 0.411232 0.000000 0.911531 0.131704 0.131704 0.131704
7722.415039 0.000000 3013.290039 0.000000 0.939188 0.000000 -0.343404 0.128023 0.128023 0.128023
7699.350098 0.000000 2996.025635 0.000000 0.908739 0.000000 -0.417365 0.127210 0.127210 0.127210
7698.929199 0.000000 2999.145996 0.000000 0.098106 0.000000 0.995176 0.122812 0.122812 0.122812
7720.469727 0.000000 3012.937012 0.000000 0.690536 0.000000 0.723298 0.127173 0.127173 0.127173
7701.555664 0.000000 2997.756836 0.000000 0.754221 0.000000 0.656621 0.139052 0.139052 0.139052
7701.209473 0.000000 3000.534180 0.000000 0.352834 0.000000 0.935686 0.128197 0.128197 0.128197
7717.106445 0.000000 3006.269775 0.000000 0.675512 0.000000 0.737349 0.129814 0.129814 0.129814
7709.055664 0.000000 2999.685547 0.000000 0.543454 0.000000 0.839439 0.132360 0.132360 0.132360
7703.673828 0.000000 2999.627930 0.000000 0.700088 0.000000 0.714056 0.143063 0.143063 0.143063
7707.133789 0.000000 2997.202148 0.000000 0.858666 0.000000 -0.512535 0.152142 0.152142 0.152142
7711.750977 0.000000 3000.254883 0.000000 0.907538 0.000000 0.419971 0.125416 0.125416 0.125416
7719.388184 0.000000 3011.732666 0.000000 0.819500 0.000000 0.573079 0.143378 0.143378 0.143378
7719.789551 0.000000 3007.609375 0.000000 0.982041 0.000000 0.188668 0.143108 0.143108 0.143108
7706.256836 0.000000 2998.396729 0.000000 0.825225 0.000000 -0.564804 0.150725 0.150725 0.150725
7702.014160 0.000000 2999.206055 0.000000 0.565120 0.000000 0.825009 0.142246 0.142246 0.142246
7711.069336 0.000000 3003.054932 0.000000 0.888749 0.000000 -0.458395 0.132511 0.132511 0.132511
7705.534668 0.000000 3003.233887 0.000000 0.917763 0.000000 0.397130 0.130494 0.130494 0.130494
7709.379395 0.000000 3005.147217 0.000000 0.998401 0.000000 -0.056523 0.146482 0.146482 0.146482
7704.231445 0.000000 2995.350098 0.000000 0.438791 0.000000 0.898589 0.139941 0.139941 0.139941
7707.442383 0.000000 3002.094727 0.000000 0.999946 0.000000 -0.010421 0.141784 0.141784 0.141784
7721.821777 0.000000 3008.128906 0.000000 0.955034 0.000000 -0.296497 0.147620 0.147620 0.147620
7708.834961 0.000000 3002.347656 0.000000 0.796751 0.000000 0.604308 0.143747 0.143747 0.143747
7704.312988 0.000000 2997.100830 0.000000 0.867532 0.000000 -0.497382 0.156615 0.156615 0.156615
7705.831543 0.000000 3000.815430 0.000000 0.061001 0.000000 0.998138 0.142391 0.142391 0.142391
"}
object={
	name="bush_01_generator_2_1"
	clamp_to_water_level=no
	render_under_water=no
	generated_content=yes
	layer="semidynamic_high"
	pdxmesh="tree_bush_02_mesh"
	count=87
	transform="4351.586426 0.000000 2369.293945 0.000000 0.552146 0.000000 -0.833748 0.123650 0.123650 0.123650
4336.023926 0.000000 2368.394287 0.000000 0.793459 0.000000 -0.608624 0.102083 0.102083 0.102083
4335.868652 0.000000 2364.270264 0.000000 0.771006 0.000000 -0.636827 0.102198 0.102198 0.102198
4326.346680 0.000000 2370.116943 0.000000 0.762714 0.000000 -0.646735 0.102239 0.102239 0.102239
4349.125000 0.000000 2368.338623 0.000000 0.593000 0.000000 -0.805203 0.133844 0.133844 0.133844
4331.601562 0.000000 2368.759521 0.000000 0.429794 0.000000 -0.902927 0.135793 0.135793 0.135793
4348.008301 0.000000 2358.136475 0.000000 0.740365 0.000000 -0.672205 0.123848 0.123848 0.123848
4334.880859 0.000000 2366.395020 0.000000 0.607514 0.000000 -0.794309 0.113012 0.113012 0.113012
4333.836426 0.000000 2368.492188 0.000000 0.419335 0.000000 -0.907831 0.132358 0.132358 0.132358
4350.572266 0.000000 2366.377197 0.000000 0.702829 0.000000 -0.711358 0.148753 0.148753 0.148753
4349.034180 0.000000 2360.876953 0.000000 0.761020 0.000000 -0.648729 0.182154 0.182154 0.182154
4349.072754 0.000000 2362.834961 0.000000 0.341826 0.000000 -0.939763 0.207779 0.207779 0.207779
4349.512207 0.000000 2372.369873 0.000000 0.131599 0.000000 -0.991303 0.104580 0.104580 0.104580
4326.686523 0.000000 2372.649414 0.000000 0.787185 0.000000 -0.616717 0.102115 0.102115 0.102115
4340.463867 0.000000 2387.425537 0.000000 0.130950 0.000000 -0.991389 0.121866 0.121866 0.121866
4339.016113 0.000000 2393.194824 0.000000 0.271681 0.000000 -0.962387 0.104999 0.104999 0.104999
4331.690430 0.000000 2375.907715 0.000000 0.246199 0.000000 -0.969219 0.113257 0.113257 0.113257
4338.132324 0.000000 2391.764893 0.000000 0.469466 0.000000 -0.882950 0.121699 0.121699 0.121699
4340.080566 0.000000 2385.537354 0.000000 0.808666 0.000000 -0.588268 0.131431 0.131431 0.131431
4353.884766 0.000000 2366.911865 0.000000 0.478283 0.000000 -0.878206 0.103413 0.103413 0.103413
4352.009766 0.000000 2358.052002 0.000000 0.313809 0.000000 -0.949486 0.103984 0.103984 0.103984
4353.118652 0.000000 2360.589600 0.000000 0.610041 0.000000 -0.792370 0.121649 0.121649 0.121649
4352.517090 0.000000 2365.636475 0.000000 0.317178 0.000000 -0.948366 0.118826 0.118826 0.118826
4373.208496 0.000000 2412.222900 0.000000 0.607687 0.000000 -0.794177 0.102921 0.102921 0.102921
4355.510742 0.000000 2419.271729 0.000000 0.659120 0.000000 -0.752038 0.105299 0.105299 0.105299
4358.057129 0.000000 2417.281494 0.000000 0.516810 0.000000 -0.856100 0.103271 0.103271 0.103271
4353.118652 0.000000 2417.073975 0.000000 0.299066 0.000000 -0.954232 0.111318 0.111318 0.111318
4363.263184 0.000000 2408.906006 0.000000 0.466581 0.000000 -0.884479 0.127507 0.127507 0.127507
4390.819824 0.000000 2424.595459 0.000000 0.793748 0.000000 -0.608247 0.115521 0.115521 0.115521
4369.033691 0.000000 2412.304688 0.000000 0.470055 0.000000 -0.882637 0.117061 0.117061 0.117061
4364.773926 0.000000 2406.527832 0.000000 0.412740 0.000000 -0.910849 0.122517 0.122517 0.122517
4365.796875 0.000000 2411.356689 0.000000 0.498196 0.000000 -0.867064 0.144734 0.144734 0.144734
7674.544434 0.000000 2977.610596 0.000000 0.278963 0.000000 -0.960302 0.125970 0.125970 0.125970
7676.008301 0.000000 2979.464600 0.000000 0.036618 0.000000 -0.999329 0.121630 0.121630 0.121630
7676.454590 0.000000 2977.526611 0.000000 0.039193 0.000000 -0.999232 0.125733 0.125733 0.125733
7676.771484 0.000000 2974.271729 0.000000 0.489409 0.000000 -0.872054 0.138988 0.138988 0.138988
7676.112793 0.000000 2972.862549 0.000000 0.614976 0.000000 -0.788546 0.133154 0.133154 0.133154
7697.722656 0.000000 2989.364746 0.000000 0.767821 0.000000 -0.640664 0.117388 0.117388 0.117388
7696.382324 0.000000 2993.003906 0.000000 0.065927 0.000000 -0.997824 0.126218 0.126218 0.126218
7704.641113 0.000000 2992.912109 0.000000 0.065831 0.000000 -0.997831 0.132089 0.132089 0.132089
7701.843750 0.000000 2987.472168 0.000000 0.193511 0.000000 -0.981098 0.122800 0.122800 0.122800
7699.343262 0.000000 2988.788574 0.000000 0.395799 0.000000 -0.918337 0.121425 0.121425 0.121425
7700.440918 0.000000 2992.694092 0.000000 0.678843 0.000000 -0.734284 0.137408 0.137408 0.137408
7703.599609 0.000000 2991.742676 0.000000 0.750467 0.000000 -0.660908 0.143848 0.143848 0.143848
7702.889648 0.000000 2986.449463 0.000000 0.480992 0.000000 -0.876725 0.133236 0.133236 0.133236
7704.351074 0.000000 2989.317871 0.000000 0.102897 0.000000 -0.994692 0.148945 0.148945 0.148945
7725.516602 0.000000 3008.405273 0.000000 0.270403 0.000000 -0.962747 0.123087 0.123087 0.123087
7692.978516 0.000000 2994.407959 0.000000 0.491777 0.000000 -0.870721 0.119867 0.119867 0.119867
7717.432617 0.000000 3004.698975 0.000000 0.640732 0.000000 -0.767764 0.109984 0.109984 0.109984
7730.584961 0.000000 3021.566162 0.000000 0.788580 0.000000 -0.614932 0.102108 0.102108 0.102108
7730.842773 0.000000 3011.541748 0.000000 0.770411 0.000000 -0.637548 0.102201 0.102201 0.102201
7712.426758 0.000000 3006.109619 0.000000 0.793277 0.000000 -0.608862 0.110948 0.110948 0.110948
7691.786133 0.000000 2998.724854 0.000000 0.039265 0.000000 -0.999229 0.118682 0.118682 0.118682
7725.375000 0.000000 3018.593506 0.000000 0.789261 0.000000 -0.614058 0.113831 0.113831 0.113831
7712.618164 0.000000 2997.037598 0.000000 0.490339 0.000000 -0.871532 0.103369 0.103369 0.103369
7731.863281 0.000000 3018.044678 0.000000 0.308207 0.000000 -0.951319 0.109538 0.109538 0.109538
7715.104004 0.000000 3002.213867 0.000000 0.673191 0.000000 -0.739469 0.113863 0.113863 0.113863
7727.537109 0.000000 3020.800293 0.000000 0.046089 0.000000 -0.998937 0.104853 0.104853 0.104853
7710.608887 0.000000 2999.211426 0.000000 0.337472 0.000000 -0.941335 0.121076 0.121076 0.121076
7690.564941 0.000000 2996.220703 0.000000 0.731559 0.000000 -0.681778 0.118736 0.118736 0.118736
7695.671387 0.000000 2995.200928 0.000000 0.285984 0.000000 -0.958234 0.123026 0.123026 0.123026
7713.412109 0.000000 3008.628906 0.000000 0.668405 0.000000 -0.743797 0.104108 0.104108 0.104108
7698.498535 0.000000 2997.489990 0.000000 0.740830 0.000000 -0.671693 0.128432 0.128432 0.128432
7693.612305 0.000000 2996.800537 0.000000 0.776035 0.000000 -0.630690 0.118486 0.118486 0.118486
7707.966309 0.000000 3003.284912 0.000000 0.064516 0.000000 -0.997917 0.148532 0.148532 0.148532
7722.440430 0.000000 3009.880859 0.000000 0.534847 0.000000 -0.844949 0.139918 0.139918 0.139918
7715.217285 0.000000 3004.510498 0.000000 0.307471 0.000000 -0.951558 0.119446 0.119446 0.119446
7723.960938 0.000000 3015.774170 0.000000 0.767850 0.000000 -0.640630 0.114525 0.114525 0.114525
7709.096680 0.000000 2994.068115 0.000000 0.458533 0.000000 -0.888677 0.120006 0.120006 0.120006
7730.490723 0.000000 3016.461426 0.000000 0.351737 0.000000 -0.936099 0.120438 0.120438 0.120438
7719.104492 0.000000 3005.565430 0.000000 0.663637 0.000000 -0.748055 0.112758 0.112758 0.112758
7707.504395 0.000000 3007.650146 0.000000 0.795700 0.000000 -0.605691 0.115509 0.115509 0.115509
7721.262207 0.000000 3007.009521 0.000000 0.080357 0.000000 -0.996766 0.150808 0.150808 0.150808
7710.021484 0.000000 3001.938721 0.000000 0.047300 0.000000 -0.998881 0.133338 0.133338 0.133338
7716.560547 0.000000 3007.727539 0.000000 0.712191 0.000000 -0.701986 0.136636 0.136636 0.136636
7694.749512 0.000000 2993.702881 0.000000 0.294663 0.000000 -0.955601 0.120661 0.120661 0.120661
7717.265137 0.000000 3013.335449 0.000000 0.206972 0.000000 -0.978347 0.133270 0.133270 0.133270
7702.020996 0.000000 2994.991943 0.000000 0.605792 0.000000 -0.795623 0.135508 0.135508 0.135508
7716.813477 0.000000 3010.826172 0.000000 0.339636 0.000000 -0.940557 0.146096 0.146096 0.146096
7714.977539 0.000000 3008.171387 0.000000 0.565728 0.000000 -0.824592 0.128785 0.128785 0.128785
7717.508789 0.000000 3009.060303 0.000000 0.471590 0.000000 -0.881818 0.145449 0.145449 0.145449
7700.029785 0.000000 2997.598633 0.000000 0.172660 0.000000 -0.984981 0.148626 0.148626 0.148626
7723.175293 0.000000 3011.969238 0.000000 0.780736 0.000000 -0.624861 0.140204 0.140204 0.140204
7717.802246 0.000000 3011.948730 0.000000 0.230975 0.000000 -0.972960 0.146604 0.146604 0.146604
7699.337891 0.000000 2993.830811 0.000000 0.697932 0.000000 -0.716164 0.138445 0.138445 0.138445
7720.166504 0.000000 3006.278076 0.000000 0.215166 0.000000 -0.976577 0.150183 0.150183 0.150183
7702.163574 0.000000 2996.637207 0.000000 0.542955 0.000000 -0.839762 0.152592 0.152592 0.152592
"}
