object={
	name="bush_02_generator_2_0"
	clamp_to_water_level=no
	render_under_water=no
	generated_content=yes
	layer="semidynamic_high"
	pdxmesh="tree_bush_03_mesh"
	count=72
	transform="4346.368164 0.000000 2367.785400 0.000000 0.096654 0.000000 0.995318 0.095308 0.095308 0.095308
4349.248047 0.000000 2361.861328 0.000000 0.964207 0.000000 -0.265152 0.123737 0.123737 0.123737
4330.009766 0.000000 2370.796143 0.000000 0.802683 0.000000 0.596406 0.097966 0.097966 0.097966
4351.697754 0.000000 2360.583496 0.000000 0.192699 0.000000 0.981258 0.114098 0.114098 0.114098
4350.994629 0.000000 2363.483154 0.000000 0.596368 0.000000 0.802711 0.135358 0.135358 0.135358
4347.305664 0.000000 2365.638428 0.000000 0.508163 0.000000 0.861261 0.104552 0.104552 0.104552
4348.034180 0.000000 2363.682617 0.000000 0.882443 0.000000 -0.470420 0.149636 0.149636 0.149636
4348.027344 0.000000 2360.741699 0.000000 0.885866 0.000000 0.463940 0.120805 0.120805 0.120805
4348.166992 0.000000 2362.440674 0.000000 0.915685 0.000000 -0.401896 0.149279 0.149279 0.149279
4343.531250 0.000000 2382.947510 0.000000 0.945137 0.000000 0.326673 0.098941 0.098941 0.098941
4342.173828 0.000000 2378.528076 0.000000 0.882399 0.000000 -0.470502 0.119482 0.119482 0.119482
4328.015625 0.000000 2379.972412 0.000000 0.953773 0.000000 -0.300528 0.100972 0.100972 0.100972
4330.835938 0.000000 2378.350098 0.000000 0.854775 0.000000 -0.518998 0.110001 0.110001 0.110001
4342.255859 0.000000 2381.103760 0.000000 0.978153 0.000000 -0.207886 0.108844 0.108844 0.108844
4333.143066 0.000000 2372.645996 0.000000 0.676775 0.000000 0.736190 0.112912 0.112912 0.112912
4328.756348 0.000000 2377.810303 0.000000 0.941772 0.000000 -0.336252 0.115533 0.115533 0.115533
4332.016602 0.000000 2374.092285 0.000000 0.994078 0.000000 0.108673 0.133988 0.133988 0.133988
4330.135254 0.000000 2376.843262 0.000000 0.900191 0.000000 -0.435495 0.139224 0.139224 0.139224
4332.188965 0.000000 2377.364990 0.000000 0.470620 0.000000 0.882336 0.122796 0.122796 0.122796
4385.210449 0.000000 2417.217041 0.000000 0.785601 0.000000 0.618733 0.097876 0.097876 0.097876
4366.220703 0.000000 2389.424561 0.000000 0.133598 0.000000 0.991036 0.095427 0.095427 0.095427
4381.237305 0.000000 2405.865967 0.000000 0.269711 0.000000 0.962941 0.095869 0.095869 0.095869
4352.514160 0.000000 2388.424561 0.000000 0.949026 0.000000 -0.315198 0.101021 0.101021 0.101021
4393.656250 0.000000 2412.453613 0.000000 0.968875 0.000000 0.247550 0.099204 0.099204 0.099204
4364.112305 0.000000 2387.250488 0.000000 0.544614 0.000000 0.838687 0.107412 0.107412 0.107412
4366.686523 0.000000 2386.935303 0.000000 0.988283 0.000000 -0.152634 0.103021 0.103021 0.103021
4386.111328 0.000000 2403.958984 0.000000 0.559658 0.000000 0.828723 0.099876 0.099876 0.099876
4360.173828 0.000000 2394.610107 0.000000 0.799605 0.000000 0.600526 0.101516 0.101516 0.101516
4395.659668 0.000000 2408.523438 0.000000 0.996047 0.000000 0.088823 0.129604 0.129604 0.129604
4365.487793 0.000000 2382.360352 0.000000 0.867332 0.000000 0.497730 0.101372 0.101372 0.101372
4388.952637 0.000000 2412.820557 0.000000 0.852862 0.000000 0.522137 0.105682 0.105682 0.105682
4375.885254 0.000000 2398.123779 0.000000 0.750410 0.000000 0.660973 0.101807 0.101807 0.101807
4383.330566 0.000000 2404.764893 0.000000 0.638886 0.000000 0.769302 0.105102 0.105102 0.105102
4358.028809 0.000000 2395.273438 0.000000 0.457569 0.000000 0.889174 0.100568 0.100568 0.100568
4395.060059 0.000000 2406.477295 0.000000 0.995163 0.000000 0.098234 0.117837 0.117837 0.117837
4377.598145 0.000000 2395.975342 0.000000 0.370545 0.000000 0.928815 0.102946 0.102946 0.102946
4392.284180 0.000000 2410.810303 0.000000 0.918904 0.000000 -0.394480 0.114058 0.114058 0.114058
4397.537598 0.000000 2412.733398 0.000000 0.514325 0.000000 0.857596 0.102951 0.102951 0.102951
4365.704590 0.000000 2385.170410 0.000000 0.437419 0.000000 0.899258 0.113460 0.113460 0.113460
4395.628906 0.000000 2412.734863 0.000000 0.867740 0.000000 0.497019 0.107986 0.107986 0.107986
4386.967773 0.000000 2407.086426 0.000000 0.998559 0.000000 0.053668 0.131987 0.131987 0.131987
4355.095703 0.000000 2387.793945 0.000000 0.825596 0.000000 -0.564262 0.125030 0.125030 0.125030
4359.546875 0.000000 2403.648682 0.000000 0.908552 0.000000 0.417771 0.116586 0.116586 0.116586
4360.954590 0.000000 2396.061768 0.000000 0.998403 0.000000 0.056492 0.149311 0.149311 0.149311
4385.478516 0.000000 2402.365234 0.000000 0.235761 0.000000 0.971811 0.113192 0.113192 0.113192
4361.912598 0.000000 2401.445801 0.000000 0.638931 0.000000 0.769264 0.121440 0.121440 0.121440
4362.583984 0.000000 2398.567871 0.000000 0.143838 0.000000 0.989601 0.122466 0.122466 0.122466
4357.597656 0.000000 2385.811279 0.000000 0.046266 0.000000 0.998929 0.123665 0.123665 0.123665
4391.743652 0.000000 2408.084229 0.000000 0.942567 0.000000 0.334016 0.136321 0.136321 0.136321
7646.953613 0.000000 2936.955566 0.000000 0.981965 0.000000 0.189061 0.102457 0.102457 0.102457
7657.204590 0.000000 2917.264404 0.000000 0.730240 0.000000 0.683191 0.097606 0.097606 0.097606
7650.857422 0.000000 2909.832031 0.000000 0.824205 0.000000 0.566292 0.103853 0.103853 0.103853
7657.967773 0.000000 2910.520996 0.000000 0.232867 0.000000 0.972508 0.128201 0.128201 0.128201
7652.916016 0.000000 2908.765625 0.000000 0.973361 0.000000 -0.229278 0.110612 0.110612 0.110612
7656.199219 0.000000 2911.549072 0.000000 0.071996 0.000000 0.997405 0.127506 0.127506 0.127506
7656.567383 0.000000 2915.386475 0.000000 0.963753 0.000000 0.266796 0.137186 0.137186 0.137186
7652.830078 0.000000 2915.630859 0.000000 0.548383 0.000000 0.836227 0.161141 0.161141 0.161141
7655.382324 0.000000 2914.321533 0.000000 0.955783 0.000000 -0.294074 0.169664 0.169664 0.169664
7656.074707 0.000000 2913.036133 0.000000 0.988963 0.000000 -0.148164 0.175054 0.175054 0.175054
7651.506348 0.000000 2912.573242 0.000000 0.994183 0.000000 0.107703 0.178656 0.178656 0.178656
7654.014160 0.000000 2911.531738 0.000000 0.854680 0.000000 0.519155 0.167899 0.167899 0.167899
7652.309082 0.000000 2910.089111 0.000000 0.894241 0.000000 -0.447585 0.183625 0.183625 0.183625
7650.937988 0.000000 2911.208252 0.000000 0.981987 0.000000 0.188950 0.158141 0.158141 0.158141
7657.168457 0.000000 2912.260498 0.000000 0.758081 0.000000 0.652160 0.170290 0.170290 0.170290
7655.517090 0.000000 2915.391357 0.000000 0.948378 0.000000 0.317141 0.166341 0.166341 0.166341
7655.420898 0.000000 2912.206787 0.000000 0.067133 0.000000 0.997744 0.190428 0.190428 0.190428
7653.324707 0.000000 2910.877197 0.000000 0.977962 0.000000 -0.208783 0.182164 0.182164 0.182164
7654.631836 0.000000 2913.840332 0.000000 0.006543 0.000000 0.999979 0.190042 0.190042 0.190042
7652.431152 0.000000 2912.403320 0.000000 0.630243 0.000000 0.776398 0.194341 0.194341 0.194341
7653.131348 0.000000 2913.710205 0.000000 0.957908 0.000000 -0.287075 0.201854 0.201854 0.201854
7653.912109 0.000000 2913.288086 0.000000 0.447678 0.000000 0.894195 0.192955 0.192955 0.192955
7644.793945 0.000000 2940.029297 0.000000 0.841182 0.000000 -0.540753 0.103245 0.103245 0.103245
"}
object={
	name="bush_02_generator_2_1"
	clamp_to_water_level=no
	render_under_water=no
	generated_content=yes
	layer="semidynamic_high"
	pdxmesh="tree_bush_04_mesh"
	count=23
	transform="4350.419434 0.000000 2358.006592 0.000000 0.296446 0.000000 -0.955050 0.104042 0.104042 0.104042
4349.507812 0.000000 2365.636230 0.000000 0.694089 0.000000 -0.719889 0.133871 0.133871 0.133871
4351.025879 0.000000 2365.224609 0.000000 0.783897 0.000000 -0.620890 0.124733 0.124733 0.124733
4349.587402 0.000000 2363.757324 0.000000 0.367705 0.000000 -0.929942 0.152940 0.152940 0.152940
4340.014648 0.000000 2381.187012 0.000000 0.664240 0.000000 -0.747520 0.109879 0.109879 0.109879
4342.385254 0.000000 2376.252686 0.000000 0.053540 0.000000 -0.998566 0.110996 0.110996 0.110996
4330.257812 0.000000 2374.606201 0.000000 0.636219 0.000000 -0.771508 0.146288 0.146288 0.146288
4333.431152 0.000000 2376.395508 0.000000 0.763527 0.000000 -0.645776 0.130013 0.130013 0.130013
4340.916016 0.000000 2379.706787 0.000000 0.123693 0.000000 -0.992321 0.121307 0.121307 0.121307
4364.552734 0.000000 2398.537842 0.000000 0.525890 0.000000 -0.850553 0.103237 0.103237 0.103237
4357.119141 0.000000 2388.778076 0.000000 0.526284 0.000000 -0.850309 0.103236 0.103236 0.103236
4367.197266 0.000000 2383.976562 0.000000 0.345931 0.000000 -0.938260 0.103876 0.103876 0.103876
4385.099609 0.000000 2406.293457 0.000000 0.200516 0.000000 -0.979690 0.114004 0.114004 0.114004
4385.910645 0.000000 2414.666504 0.000000 0.143843 0.000000 -0.989600 0.106590 0.106590 0.106590
4388.099609 0.000000 2410.661621 0.000000 0.481832 0.000000 -0.876264 0.114695 0.114695 0.114695
4359.767090 0.000000 2398.346436 0.000000 0.047597 0.000000 -0.998867 0.161531 0.161531 0.161531
7650.967773 0.000000 2915.445801 0.000000 0.346827 0.000000 -0.937929 0.132096 0.132096 0.132096
7650.559570 0.000000 2913.908691 0.000000 0.721967 0.000000 -0.691927 0.183632 0.183632 0.183632
7653.817871 0.000000 2914.270020 0.000000 0.585934 0.000000 -0.810359 0.171390 0.171390 0.171390
7656.459473 0.000000 2910.222656 0.000000 0.524523 0.000000 -0.851396 0.138235 0.138235 0.138235
7655.180176 0.000000 2911.127441 0.000000 0.636832 0.000000 -0.771002 0.175657 0.175657 0.175657
7655.354492 0.000000 2913.430908 0.000000 0.553109 0.000000 -0.833109 0.206269 0.206269 0.206269
7646.961914 0.000000 2938.148926 0.000000 0.204803 0.000000 -0.978803 0.120419 0.120419 0.120419
"}
