object={
	name="bush_dry_02_generator_2_0"
	clamp_to_water_level=no
	render_under_water=no
	generated_content=yes
	layer="semidynamic_high"
	pdxmesh="tree_bush_05_mesh"
	count=5
	transform="4388.952637 0.000000 2412.820557 0.000000 0.852862 0.000000 0.522137 0.244994 0.244994 0.244994
4375.885254 0.000000 2398.123779 0.000000 0.750410 0.000000 0.660973 0.243510 0.243510 0.243510
4383.330566 0.000000 2404.764893 0.000000 0.638886 0.000000 0.769302 0.241755 0.241755 0.241755
4391.039551 0.000000 2412.505371 0.000000 0.990821 0.000000 0.135181 0.248722 0.248722 0.248722
4382.190918 0.000000 2409.397705 0.000000 0.028885 0.000000 0.999583 0.234795 0.234795 0.234795
"}
object={
	name="bush_dry_02_generator_2_1"
	clamp_to_water_level=no
	render_under_water=no
	generated_content=yes
	layer="semidynamic_high"
	pdxmesh="tree_bush_06_mesh"
	count=6
	transform="4389.098633 0.000000 2415.214844 0.000000 0.852127 0.000000 -0.523335 0.254589 0.254589 0.254589
4381.422852 0.000000 2410.895508 0.000000 0.995086 0.000000 -0.099015 0.250851 0.250851 0.250851
4390.581055 0.000000 2407.468262 0.000000 0.237993 0.000000 -0.971267 0.261418 0.261418 0.261418
4391.147461 0.000000 2409.247070 0.000000 0.807632 0.000000 -0.589687 0.256003 0.256003 0.256003
4379.849121 0.000000 2398.949463 0.000000 0.995223 0.000000 -0.097624 0.251013 0.251013 0.251013
4378.062500 0.000000 2399.381348 0.000000 0.653104 0.000000 -0.757268 0.258901 0.258901 0.258901
"}
