object={
	name="bush_dry_02_generator_1_0"
	clamp_to_water_level=no
	render_under_water=no
	generated_content=yes
	layer="semidynamic_medium"
	pdxmesh="tree_bush_05_mesh"
	count=3
	transform="4373.705078 0.000000 2399.211426 0.000000 0.520251 0.000000 0.854013 0.241567 0.241567 0.241567
4381.237305 0.000000 2405.865967 0.000000 0.269711 0.000000 0.962941 0.238296 0.238296 0.238296
4380.944336 0.000000 2408.211182 0.000000 0.973558 0.000000 0.228440 0.247785 0.247785 0.247785
"}
object={
	name="bush_dry_02_generator_1_1"
	clamp_to_water_level=no
	render_under_water=no
	generated_content=yes
	layer="semidynamic_medium"
	pdxmesh="tree_bush_06_mesh"
	count=10
	transform="4383.758301 0.000000 2402.503418 0.000000 0.387131 0.000000 -0.922025 0.260289 0.260289 0.260289
4384.032227 0.000000 2409.281738 0.000000 0.005567 0.000000 -0.999985 0.263237 0.263237 0.263237
4378.709961 0.000000 2409.383789 0.000000 0.686513 0.000000 -0.727117 0.256961 0.256961 0.256961
4378.364746 0.000000 2397.905029 0.000000 0.587409 0.000000 -0.809290 0.258239 0.258239 0.258239
4381.530273 0.000000 2399.636230 0.000000 0.998730 0.000000 -0.050389 0.250472 0.250472 0.250472
4393.204590 0.000000 2408.905029 0.000000 0.937565 0.000000 -0.347809 0.253315 0.253315 0.253315
4385.099609 0.000000 2406.293457 0.000000 0.200516 0.000000 -0.979690 0.262303 0.262303 0.262303
4380.947754 0.000000 2402.415527 0.000000 0.898167 0.000000 -0.439654 0.254262 0.254262 0.254262
4379.190918 0.000000 2400.653076 0.000000 0.914991 0.000000 -0.403473 0.254445 0.254445 0.254445
4383.005371 0.000000 2407.248535 0.000000 0.517720 0.000000 -0.855550 0.260380 0.260380 0.260380
"}
