object={
	name="bush_02_generator_1_0"
	clamp_to_water_level=no
	render_under_water=no
	generated_content=yes
	layer="semidynamic_medium"
	pdxmesh="tree_bush_03_mesh"
	count=8
	transform="4393.322754 0.000000 2420.619385 0.000000 0.311733 0.000000 0.950170 0.157595 0.157595 0.157595
4394.638672 0.000000 2422.776367 0.000000 0.554831 0.000000 0.831963 0.173122 0.173122 0.173122
7652.276367 0.000000 2913.949951 0.000000 0.956791 0.000000 0.290776 0.198122 0.198122 0.198122
7654.535645 0.000000 2910.211182 0.000000 0.088736 0.000000 0.996055 0.162808 0.162808 0.162808
7654.581055 0.000000 2915.827637 0.000000 0.298178 0.000000 0.954510 0.161284 0.161284 0.161284
7654.646484 0.000000 2912.860352 0.000000 0.934611 0.000000 0.355672 0.197685 0.197685 0.197685
7652.550293 0.000000 2911.497070 0.000000 0.961537 0.000000 -0.274677 0.182555 0.182555 0.182555
7653.210449 0.000000 2912.784668 0.000000 0.827111 0.000000 0.562038 0.196200 0.196200 0.196200
"}
object={
	name="bush_02_generator_1_1"
	clamp_to_water_level=no
	render_under_water=no
	generated_content=yes
	layer="semidynamic_medium"
	pdxmesh="tree_bush_04_mesh"
	count=4
	transform="4398.782227 0.000000 2414.407959 0.000000 0.356754 0.000000 -0.934198 0.182663 0.182663 0.182663
4356.789062 0.000000 2406.200684 0.000000 0.594751 0.000000 -0.803910 0.184024 0.184024 0.184024
7657.385742 0.000000 2913.621338 0.000000 0.113879 0.000000 -0.993495 0.182308 0.182308 0.182308
7650.111328 0.000000 2912.318359 0.000000 0.594507 0.000000 -0.804090 0.184602 0.184602 0.184602
"}
