object={
	name="cypress_mediterranean_sparse_generator_1_0"
	clamp_to_water_level=no
	render_under_water=no
	generated_content=yes
	layer="semidynamic"
	pdxmesh="tree_cypress_mediterranean_02_mesh"
	count=38
	transform="4344.065918 0.000000 2397.706299 0.000000 0.379329 0.000000 0.925262 0.231552 0.231552 0.231552
4349.292480 0.000000 2384.902832 0.000000 0.982758 0.000000 -0.184896 0.231755 0.231755 0.231755
4346.511719 0.000000 2392.853760 0.000000 0.999551 0.000000 -0.029952 0.234192 0.234192 0.234192
4347.211426 0.000000 2401.961914 0.000000 0.434381 0.000000 0.900729 0.196478 0.196478 0.196478
4346.462402 0.000000 2389.413818 0.000000 0.997986 0.000000 0.063431 0.243284 0.243284 0.243284
4348.013184 0.000000 2387.208496 0.000000 0.534833 0.000000 0.844958 0.253033 0.253033 0.253033
4344.346680 0.000000 2394.544678 0.000000 0.956309 0.000000 0.292357 0.248342 0.248342 0.248342
4351.825195 0.000000 2385.596436 0.000000 0.779857 0.000000 0.625958 0.249099 0.249099 0.249099
4373.705078 0.000000 2399.211426 0.000000 0.520251 0.000000 0.854013 0.193228 0.193228 0.193228
4370.127930 0.000000 2385.619873 0.000000 0.174230 0.000000 0.984705 0.190453 0.190453 0.190453
4374.478027 0.000000 2407.237061 0.000000 0.939654 0.000000 0.342127 0.197629 0.197629 0.197629
4382.530273 0.000000 2395.803711 0.000000 0.893040 0.000000 0.449978 0.244214 0.244214 0.244214
4393.260742 0.000000 2416.565918 0.000000 0.862293 0.000000 -0.506411 0.205179 0.205179 0.205179
4371.007324 0.000000 2390.422119 0.000000 0.740505 0.000000 0.672050 0.242662 0.242662 0.242662
4389.098633 0.000000 2415.214844 0.000000 0.852127 0.000000 -0.523335 0.239966 0.239966 0.239966
4379.932617 0.000000 2392.613281 0.000000 0.572530 0.000000 0.819884 0.238024 0.238024 0.238024
4397.311035 0.000000 2406.693604 0.000000 0.956509 0.000000 0.291703 0.209132 0.209132 0.209132
4397.375000 0.000000 2397.265381 0.000000 0.538179 0.000000 0.842831 0.195298 0.195298 0.195298
4388.620605 0.000000 2419.052246 0.000000 0.977841 0.000000 -0.209351 0.218294 0.218294 0.218294
4396.412598 0.000000 2414.617432 0.000000 0.903308 0.000000 0.428992 0.206883 0.206883 0.206883
4363.406250 0.000000 2405.414551 0.000000 0.311335 0.000000 0.950300 0.216461 0.216461 0.216461
4374.628418 0.000000 2402.370850 0.000000 0.696356 0.000000 0.717696 0.210862 0.210862 0.210862
4361.084961 0.000000 2383.161621 0.000000 0.921297 0.000000 0.388859 0.224524 0.224524 0.224524
4361.604492 0.000000 2399.798096 0.000000 0.997446 0.000000 0.071424 0.247090 0.247090 0.247090
4385.448730 0.000000 2395.640625 0.000000 0.540038 0.000000 0.841640 0.229505 0.229505 0.229505
4355.820801 0.000000 2386.149170 0.000000 0.964197 0.000000 -0.265188 0.241737 0.241737 0.241737
4368.939453 0.000000 2388.272461 0.000000 0.289885 0.000000 0.957061 0.269541 0.269541 0.269541
4368.186523 0.000000 2391.495117 0.000000 0.990620 0.000000 -0.136642 0.248884 0.248884 0.248884
4390.469727 0.000000 2398.937744 0.000000 0.853880 0.000000 0.520470 0.225255 0.225255 0.225255
4377.283691 0.000000 2393.961426 0.000000 0.996647 0.000000 0.081826 0.248638 0.248638 0.248638
4373.235840 0.000000 2392.204834 0.000000 0.976888 0.000000 -0.213752 0.234895 0.234895 0.234895
4391.591309 0.000000 2414.179688 0.000000 0.994740 0.000000 0.102429 0.224549 0.224549 0.224549
4396.127930 0.000000 2399.785156 0.000000 0.002282 0.000000 0.999997 0.226828 0.226828 0.226828
4398.693848 0.000000 2404.402344 0.000000 0.994143 0.000000 0.108073 0.238360 0.238360 0.238360
4375.105957 0.000000 2393.580322 0.000000 0.995964 0.000000 0.089748 0.242440 0.242440 0.242440
4352.144043 0.000000 2400.743896 0.000000 0.267800 0.000000 0.963475 0.243361 0.243361 0.243361
4357.832520 0.000000 2404.209473 0.000000 0.922048 0.000000 0.387076 0.264863 0.264863 0.264863
4368.004883 0.000000 2389.811523 0.000000 0.437734 0.000000 0.899104 0.272078 0.272078 0.272078
"}
object={
	name="cypress_mediterranean_sparse_generator_1_1"
	clamp_to_water_level=no
	render_under_water=no
	generated_content=yes
	layer="semidynamic"
	pdxmesh="tree_cypress_mediterranean_01_mesh"
	count=14
	transform="4349.212891 0.000000 2397.735596 0.000000 0.522720 0.000000 -0.852504 0.216554 0.216554 0.216554
4346.504395 0.000000 2396.102539 0.000000 0.028566 0.000000 -0.999592 0.242838 0.242838 0.242838
4346.637207 0.000000 2399.277344 0.000000 0.596997 0.000000 -0.802244 0.226751 0.226751 0.226751
4390.230957 0.000000 2410.872803 0.000000 0.774456 0.000000 -0.632628 0.204395 0.204395 0.204395
4360.407715 0.000000 2380.156006 0.000000 0.694210 0.000000 -0.719772 0.205496 0.205496 0.205496
4375.890625 0.000000 2391.401367 0.000000 0.317730 0.000000 -0.948181 0.258876 0.258876 0.258876
4384.032227 0.000000 2409.281738 0.000000 0.005567 0.000000 -0.999985 0.213167 0.213167 0.213167
4378.709961 0.000000 2409.383789 0.000000 0.686513 0.000000 -0.727117 0.205630 0.205630 0.205630
4378.364746 0.000000 2397.905029 0.000000 0.587409 0.000000 -0.809290 0.218372 0.218372 0.218372
4375.293457 0.000000 2395.908447 0.000000 0.484262 0.000000 -0.874923 0.219949 0.219949 0.219949
4399.537109 0.000000 2399.472168 0.000000 0.300386 0.000000 -0.953818 0.228998 0.228998 0.228998
4359.143066 0.000000 2399.728271 0.000000 0.390516 0.000000 -0.920596 0.276225 0.276225 0.276225
4355.099121 0.000000 2399.045410 0.000000 0.234297 0.000000 -0.972165 0.274483 0.274483 0.274483
4360.309570 0.000000 2401.136963 0.000000 0.789512 0.000000 -0.613735 0.271551 0.271551 0.271551
"}
