object={
	name="cypress_mediterranean_dense_generator_1_0"
	clamp_to_water_level=no
	render_under_water=no
	generated_content=yes
	layer="semidynamic"
	pdxmesh="tree_cypress_mediterranean_02_mesh"
	count=152
	transform="4338.798340 0.000000 2352.540527 0.000000 0.822497 0.000000 -0.568769 0.232815 0.232815 0.232815
4346.807129 0.000000 2378.998291 0.000000 0.095347 0.000000 0.995444 0.190276 0.190276 0.190276
4337.519043 0.000000 2378.673340 0.000000 0.640776 0.000000 0.767728 0.241048 0.241048 0.241048
4336.541992 0.000000 2394.928955 0.000000 0.350020 0.000000 0.936742 0.213859 0.213859 0.213859
4332.062988 0.000000 2381.332764 0.000000 0.810804 0.000000 -0.585318 0.204262 0.204262 0.204262
4332.083496 0.000000 2392.404785 0.000000 0.757375 0.000000 0.652981 0.240361 0.240361 0.240361
4341.994141 0.000000 2393.629883 0.000000 0.573838 0.000000 0.818969 0.281673 0.281673 0.281673
4350.624512 0.000000 2381.163818 0.000000 0.869251 0.000000 0.494371 0.219143 0.219143 0.219143
4334.042969 0.000000 2378.198486 0.000000 0.876939 0.000000 -0.480602 0.231848 0.231848 0.231848
4336.918945 0.000000 2387.329834 0.000000 0.892851 0.000000 -0.450353 0.217527 0.217527 0.217527
4332.352051 0.000000 2389.604736 0.000000 0.959382 0.000000 -0.282109 0.270759 0.270759 0.270759
4349.638184 0.000000 2392.066895 0.000000 0.127924 0.000000 0.991784 0.216626 0.216626 0.216626
4350.582031 0.000000 2387.210938 0.000000 0.961852 0.000000 -0.273571 0.244130 0.244130 0.244130
4336.587891 0.000000 2392.596924 0.000000 0.909781 0.000000 0.415089 0.292194 0.292194 0.292194
4347.815430 0.000000 2391.063477 0.000000 0.750128 0.000000 0.661293 0.237118 0.237118 0.237118
4334.245605 0.000000 2392.266357 0.000000 0.989023 0.000000 -0.147762 0.295704 0.295704 0.295704
4340.679199 0.000000 2392.032959 0.000000 0.936793 0.000000 -0.349883 0.306827 0.306827 0.306827
4340.393066 0.000000 2394.737305 0.000000 0.432501 0.000000 0.901634 0.255407 0.255407 0.255407
4351.825195 0.000000 2385.596436 0.000000 0.779857 0.000000 0.625958 0.252739 0.252739 0.252739
4341.929688 0.000000 2388.414551 0.000000 0.787542 0.000000 0.616261 0.278287 0.278287 0.278287
4342.403320 0.000000 2392.029541 0.000000 0.699581 0.000000 0.714553 0.284798 0.284798 0.284798
4340.078125 0.000000 2389.014404 0.000000 0.160191 0.000000 0.987086 0.266483 0.266483 0.266483
4333.531250 0.000000 2390.736816 0.000000 0.999860 0.000000 -0.016727 0.292428 0.292428 0.292428
4337.542480 0.000000 2393.772461 0.000000 0.677743 0.000000 0.735298 0.284934 0.284934 0.284934
4336.663086 0.000000 2390.999756 0.000000 0.645079 0.000000 0.764116 0.283391 0.283391 0.283391
4345.773926 0.000000 2394.132568 0.000000 0.892496 0.000000 0.451055 0.291851 0.291851 0.291851
4340.156250 0.000000 2390.711914 0.000000 0.129995 0.000000 0.991515 0.272490 0.272490 0.272490
4343.433594 0.000000 2393.546875 0.000000 0.663763 0.000000 0.747943 0.283863 0.283863 0.283863
4333.516602 0.000000 2443.561523 0.000000 0.715682 0.000000 0.698427 0.194653 0.194653 0.194653
4346.544434 0.000000 2469.251221 0.000000 0.991969 0.000000 -0.126479 0.255010 0.255010 0.255010
4325.982422 0.000000 2479.089844 0.000000 0.325482 0.000000 0.945548 0.196614 0.196614 0.196614
4338.789551 0.000000 2440.915527 0.000000 0.946581 0.000000 -0.322468 0.209489 0.209489 0.209489
4328.763184 0.000000 2443.950195 0.000000 0.566285 0.000000 0.824209 0.193252 0.193252 0.193252
4321.947754 0.000000 2478.301758 0.000000 0.971575 0.000000 0.236730 0.199151 0.199151 0.199151
4343.060547 0.000000 2470.427734 0.000000 0.365087 0.000000 0.930973 0.200462 0.200462 0.200462
4349.611816 0.000000 2467.587891 0.000000 0.907782 0.000000 0.419441 0.234954 0.234954 0.234954
4346.462402 0.000000 2445.898193 0.000000 0.915600 0.000000 -0.402089 0.217673 0.217673 0.217673
4347.000977 0.000000 2466.629150 0.000000 0.922205 0.000000 -0.386701 0.238428 0.238428 0.238428
4351.510742 0.000000 2453.564941 0.000000 0.991798 0.000000 0.127815 0.230404 0.230404 0.230404
4345.190430 0.000000 2470.935059 0.000000 0.945638 0.000000 0.325222 0.237646 0.237646 0.237646
4349.282227 0.000000 2472.783447 0.000000 0.779419 0.000000 0.626503 0.247008 0.247008 0.247008
4348.454590 0.000000 2469.167236 0.000000 0.508087 0.000000 0.861306 0.251126 0.251126 0.251126
4367.130859 0.000000 2355.231201 0.000000 0.953731 0.000000 0.300661 0.198018 0.198018 0.198018
4378.979980 0.000000 2357.692139 0.000000 0.963923 0.000000 0.266183 0.198258 0.198258 0.198258
4372.089355 0.000000 2360.676270 0.000000 0.171402 0.000000 0.985201 0.198395 0.198395 0.198395
4361.203613 0.000000 2351.560059 0.000000 0.933359 0.000000 0.358943 0.231320 0.231320 0.231320
4377.621582 0.000000 2363.734131 0.000000 0.934007 0.000000 -0.357253 0.223057 0.223057 0.223057
4356.763672 0.000000 2352.051514 0.000000 0.862098 0.000000 0.506741 0.228603 0.228603 0.228603
4377.916992 0.000000 2360.625488 0.000000 0.829361 0.000000 0.558713 0.213684 0.213684 0.213684
4375.191895 0.000000 2361.750000 0.000000 0.926410 0.000000 0.376517 0.212751 0.212751 0.212751
4358.953125 0.000000 2351.469727 0.000000 0.173497 0.000000 0.984834 0.226294 0.226294 0.226294
4410.807129 0.000000 2378.998291 0.000000 0.982713 0.000000 0.185136 0.198787 0.198787 0.198787
4410.368164 0.000000 2424.269775 0.000000 0.939691 0.000000 -0.342024 0.202301 0.202301 0.202301
4356.032715 0.000000 2403.955322 0.000000 0.845498 0.000000 -0.533979 0.225362 0.225362 0.225362
4396.062988 0.000000 2381.332764 0.000000 0.632982 0.000000 0.774167 0.200299 0.200299 0.200299
4407.107910 0.000000 2417.545166 0.000000 0.235379 0.000000 0.971904 0.197906 0.197906 0.197906
4397.943359 0.000000 2374.698730 0.000000 0.996436 0.000000 0.084357 0.199422 0.199422 0.199422
4402.842773 0.000000 2390.213623 0.000000 0.756043 0.000000 0.654522 0.195083 0.195083 0.195083
4407.531250 0.000000 2382.947510 0.000000 0.999095 0.000000 -0.042533 0.210698 0.210698 0.210698
4371.007324 0.000000 2390.422119 0.000000 0.740505 0.000000 0.672050 0.225514 0.225514 0.225514
4406.173828 0.000000 2378.528076 0.000000 0.347236 0.000000 0.937778 0.194769 0.194769 0.194769
4414.419434 0.000000 2414.490967 0.000000 0.978633 0.000000 -0.205615 0.224537 0.224537 0.224537
4397.311035 0.000000 2406.693604 0.000000 0.956509 0.000000 0.291703 0.217321 0.217321 0.217321
4409.910645 0.000000 2420.294678 0.000000 0.984975 0.000000 -0.172697 0.223100 0.223100 0.223100
4413.507812 0.000000 2422.120605 0.000000 0.937464 0.000000 -0.348082 0.209694 0.209694 0.209694
4399.663086 0.000000 2382.355713 0.000000 0.822673 0.000000 0.568515 0.226288 0.226288 0.226288
4399.917480 0.000000 2409.125732 0.000000 0.245872 0.000000 0.969302 0.200479 0.200479 0.200479
4404.014648 0.000000 2381.187012 0.000000 0.833720 0.000000 -0.552188 0.232629 0.232629 0.232629
4400.918945 0.000000 2387.329834 0.000000 0.957507 0.000000 0.288411 0.219533 0.219533 0.219533
4410.028320 0.000000 2385.442383 0.000000 0.972537 0.000000 -0.232748 0.213351 0.213351 0.213351
4358.724121 0.000000 2405.851318 0.000000 0.768360 0.000000 0.640018 0.223313 0.223313 0.223313
4361.084961 0.000000 2383.161621 0.000000 0.921297 0.000000 0.388859 0.209935 0.209935 0.209935
4371.991699 0.000000 2405.571289 0.000000 0.919784 0.000000 0.392426 0.227184 0.227184 0.227184
4400.746582 0.000000 2375.581299 0.000000 0.885714 0.000000 -0.464230 0.219988 0.219988 0.219988
4364.112305 0.000000 2387.250488 0.000000 0.544614 0.000000 0.838687 0.212791 0.212791 0.212791
4355.820801 0.000000 2386.149170 0.000000 0.964197 0.000000 -0.265188 0.233120 0.233120 0.233120
4376.795410 0.000000 2400.255859 0.000000 0.637625 0.000000 0.770347 0.241000 0.241000 0.241000
4380.947754 0.000000 2402.415527 0.000000 0.898167 0.000000 -0.439654 0.233753 0.233753 0.233753
4373.235840 0.000000 2392.204834 0.000000 0.976888 0.000000 -0.213752 0.235467 0.235467 0.235467
4399.447754 0.000000 2385.029541 0.000000 0.992120 0.000000 0.125295 0.218244 0.218244 0.218244
4359.408691 0.000000 2390.181152 0.000000 0.998784 0.000000 -0.049298 0.300888 0.300888 0.300888
4368.716797 0.000000 2404.441650 0.000000 0.644116 0.000000 0.764928 0.261412 0.261412 0.261412
4371.640625 0.000000 2397.655518 0.000000 0.118382 0.000000 0.992968 0.272741 0.272741 0.272741
4415.697754 0.000000 2417.067871 0.000000 0.667600 0.000000 0.744520 0.230169 0.230169 0.230169
4379.190918 0.000000 2400.653076 0.000000 0.914991 0.000000 -0.403473 0.243854 0.243854 0.243854
4414.994629 0.000000 2419.967529 0.000000 0.999269 0.000000 0.038236 0.237420 0.237420 0.237420
4412.008301 0.000000 2414.620850 0.000000 0.983904 0.000000 -0.178698 0.243661 0.243661 0.243661
4401.687988 0.000000 2381.296387 0.000000 0.508611 0.000000 0.860997 0.236653 0.236653 0.236653
4403.914062 0.000000 2378.132080 0.000000 0.952145 0.000000 0.305648 0.234063 0.234063 0.234063
4356.756836 0.000000 2391.136963 0.000000 0.991428 0.000000 -0.130655 0.302502 0.302502 0.302502
4358.475098 0.000000 2386.934326 0.000000 0.991815 0.000000 0.127685 0.297631 0.297631 0.297631
4383.330566 0.000000 2404.764893 0.000000 0.638886 0.000000 0.769302 0.236426 0.236426 0.236426
4352.712402 0.000000 2390.564697 0.000000 0.443725 0.000000 0.896163 0.231332 0.231332 0.231332
4413.252441 0.000000 2382.770020 0.000000 0.954269 0.000000 -0.298950 0.248451 0.248451 0.248451
4373.422363 0.000000 2396.698730 0.000000 0.328688 0.000000 0.944439 0.277322 0.277322 0.277322
4373.452637 0.000000 2394.326660 0.000000 0.603524 0.000000 0.797345 0.269198 0.269198 0.269198
4368.985352 0.000000 2394.519531 0.000000 0.845100 0.000000 -0.534608 0.297124 0.297124 0.297124
4359.699707 0.000000 2388.198730 0.000000 0.451869 0.000000 0.892084 0.278955 0.278955 0.278955
4367.736328 0.000000 2403.104980 0.000000 0.546589 0.000000 0.837401 0.281044 0.281044 0.281044
4367.824707 0.000000 2395.790527 0.000000 0.995224 0.000000 0.097616 0.298188 0.298188 0.298188
4365.642090 0.000000 2393.995361 0.000000 0.990477 0.000000 -0.137679 0.302602 0.302602 0.302602
4369.267090 0.000000 2402.977539 0.000000 0.995395 0.000000 0.095862 0.298166 0.298166 0.298166
4361.923828 0.000000 2389.938232 0.000000 0.750048 0.000000 0.661384 0.286794 0.286794 0.286794
4370.930176 0.000000 2396.206299 0.000000 0.997830 0.000000 0.065837 0.296089 0.296089 0.296089
4361.676758 0.000000 2387.020264 0.000000 0.448605 0.000000 0.893730 0.280541 0.280541 0.280541
4357.850586 0.000000 2390.122070 0.000000 0.916195 0.000000 -0.400733 0.307875 0.307875 0.307875
4374.404297 0.000000 2397.958984 0.000000 0.512139 0.000000 0.858902 0.281584 0.281584 0.281584
4366.835449 0.000000 2401.984375 0.000000 0.777394 0.000000 0.629014 0.287008 0.287008 0.287008
4359.500488 0.000000 2391.640137 0.000000 0.901495 0.000000 -0.432789 0.308062 0.308062 0.308062
4368.399414 0.000000 2400.064453 0.000000 0.975227 0.000000 -0.221204 0.304260 0.304260 0.304260
4358.510254 0.000000 2388.944092 0.000000 0.104428 0.000000 0.994532 0.271998 0.271998 0.271998
4417.451172 0.000000 2384.519287 0.000000 0.982029 0.000000 -0.188731 0.201237 0.201237 0.201237
4410.544434 0.000000 2469.251221 0.000000 0.999998 0.000000 -0.002191 0.200015 0.200015 0.200015
4353.318848 0.000000 2467.716553 0.000000 0.986735 0.000000 -0.162342 0.206534 0.206534 0.206534
4399.722656 0.000000 2473.147705 0.000000 0.987249 0.000000 -0.159182 0.215594 0.215594 0.215594
4352.254883 0.000000 2475.968994 0.000000 0.428630 0.000000 0.903480 0.198972 0.198972 0.198972
4413.248047 0.000000 2474.830078 0.000000 0.632525 0.000000 0.774540 0.193939 0.193939 0.193939
4407.107910 0.000000 2474.029541 0.000000 0.984281 0.000000 -0.176611 0.201192 0.201192 0.201192
4413.658691 0.000000 2464.143799 0.000000 0.731036 0.000000 0.682339 0.201317 0.201317 0.201317
4407.531250 0.000000 2439.431885 0.000000 0.986584 0.000000 0.163255 0.203551 0.203551 0.203551
4378.364746 0.000000 2454.389404 0.000000 0.997905 0.000000 -0.064700 0.200449 0.200449 0.200449
4414.419434 0.000000 2470.975342 0.000000 0.809437 0.000000 0.587206 0.202251 0.202251 0.202251
4403.213867 0.000000 2475.085449 0.000000 0.998710 0.000000 0.050768 0.212754 0.212754 0.212754
4400.647949 0.000000 2469.303955 0.000000 0.862736 0.000000 0.505654 0.246664 0.246664 0.246664
4410.385254 0.000000 2431.420166 0.000000 0.561077 0.000000 0.827763 0.204250 0.204250 0.204250
4396.412598 0.000000 2471.101807 0.000000 0.090973 0.000000 0.995853 0.193832 0.193832 0.193832
4407.060547 0.000000 2470.427734 0.000000 0.964989 0.000000 0.262289 0.247074 0.247074 0.247074
4384.449219 0.000000 2454.823486 0.000000 0.616553 0.000000 0.787313 0.226405 0.226405 0.226405
4385.448730 0.000000 2452.125000 0.000000 0.641234 0.000000 0.767346 0.240545 0.240545 0.240545
4382.952637 0.000000 2448.340332 0.000000 0.981495 0.000000 -0.191488 0.231249 0.231249 0.231249
4414.390625 0.000000 2484.588623 0.000000 0.081072 0.000000 0.996708 0.214724 0.214724 0.214724
4353.118652 0.000000 2473.558350 0.000000 0.732812 0.000000 0.680431 0.221233 0.221233 0.221233
4407.044922 0.000000 2467.916504 0.000000 0.962687 0.000000 -0.270616 0.242371 0.242371 0.242371
4401.314941 0.000000 2471.526367 0.000000 0.633924 0.000000 0.773395 0.243490 0.243490 0.243490
4405.789062 0.000000 2472.271973 0.000000 0.817423 0.000000 -0.576039 0.254852 0.254852 0.254852
4402.216309 0.000000 2473.373047 0.000000 0.523097 0.000000 0.852273 0.239356 0.239356 0.239356
4414.675293 0.000000 2480.579346 0.000000 0.423207 0.000000 0.906033 0.259666 0.259666 0.259666
4418.396484 0.000000 2430.690186 0.000000 0.670797 0.000000 0.741641 0.194535 0.194535 0.194535
4416.254883 0.000000 2475.968994 0.000000 0.109196 0.000000 0.994020 0.192486 0.192486 0.192486
4416.163086 0.000000 2463.574707 0.000000 0.929881 0.000000 -0.367860 0.216212 0.216212 0.216212
4416.009766 0.000000 2471.020752 0.000000 0.976762 0.000000 0.214327 0.220212 0.220212 0.220212
4422.507812 0.000000 2480.919189 0.000000 0.002922 0.000000 0.999996 0.213502 0.213502 0.213502
4420.384766 0.000000 2479.600830 0.000000 0.545170 0.000000 0.838325 0.226024 0.226024 0.226024
4418.552734 0.000000 2484.904297 0.000000 0.835982 0.000000 0.548757 0.237627 0.237627 0.237627
4419.385254 0.000000 2467.262695 0.000000 0.924986 0.000000 0.380001 0.244561 0.244561 0.244561
4420.679688 0.000000 2481.443115 0.000000 0.999847 0.000000 0.017519 0.257767 0.257767 0.257767
4413.512207 0.000000 2485.338623 0.000000 0.104551 0.000000 0.994519 0.195903 0.195903 0.195903
4423.914551 0.000000 2487.149414 0.000000 0.567434 0.000000 0.823419 0.193334 0.193334 0.193334
4416.042480 0.000000 2485.319824 0.000000 0.999561 0.000000 -0.029616 0.243178 0.243178 0.243178
5613.814941 0.000000 2578.343018 0.000000 0.908866 0.000000 0.417089 0.253732 0.253732 0.253732
5615.436035 0.000000 2576.518311 0.000000 0.978619 0.000000 0.205681 0.261448 0.261448 0.261448
5646.389160 0.000000 2575.181641 0.000000 0.999316 0.000000 -0.036988 0.232013 0.232013 0.232013
"}
object={
	name="cypress_mediterranean_dense_generator_1_1"
	clamp_to_water_level=no
	render_under_water=no
	generated_content=yes
	layer="semidynamic"
	pdxmesh="tree_cypress_mediterranean_01_mesh"
	count=42
	transform="4340.365234 0.000000 2355.125732 0.000000 0.324156 0.000000 -0.946004 0.208673 0.208673 0.208673
4349.524414 0.000000 2389.413574 0.000000 0.680173 0.000000 -0.733052 0.244502 0.244502 0.244502
4340.014648 0.000000 2381.187012 0.000000 0.664240 0.000000 -0.747520 0.216393 0.216393 0.216393
4339.914062 0.000000 2378.132080 0.000000 0.355735 0.000000 -0.934587 0.252162 0.252162 0.252162
4335.135742 0.000000 2388.399902 0.000000 0.223619 0.000000 -0.974677 0.323577 0.323577 0.323577
4345.360352 0.000000 2383.600342 0.000000 0.275515 0.000000 -0.961297 0.271412 0.271412 0.271412
4335.392090 0.000000 2393.624023 0.000000 0.631411 0.000000 -0.775449 0.307799 0.307799 0.307799
4335.484375 0.000000 2391.802734 0.000000 0.540240 0.000000 -0.841511 0.319100 0.319100 0.319100
4351.958008 0.000000 2449.727051 0.000000 0.765383 0.000000 -0.643574 0.228332 0.228332 0.228332
4343.107910 0.000000 2474.029541 0.000000 0.399490 0.000000 -0.916737 0.207963 0.207963 0.207963
4349.658691 0.000000 2464.143799 0.000000 0.059223 0.000000 -0.998245 0.226025 0.226025 0.226025
4322.932617 0.000000 2482.905029 0.000000 0.585501 0.000000 -0.810672 0.208729 0.208729 0.208729
4348.008301 0.000000 2471.105225 0.000000 0.490653 0.000000 -0.871355 0.284175 0.284175 0.284175
4351.374512 0.000000 2468.923584 0.000000 0.507705 0.000000 -0.861531 0.259658 0.259658 0.259658
4375.371094 0.000000 2358.873291 0.000000 0.264629 0.000000 -0.964350 0.216247 0.216247 0.216247
4361.866211 0.000000 2354.931641 0.000000 0.604259 0.000000 -0.796788 0.215189 0.215189 0.215189
4383.758301 0.000000 2402.503418 0.000000 0.387131 0.000000 -0.922025 0.232539 0.232539 0.232539
4401.519043 0.000000 2378.673340 0.000000 0.401980 0.000000 -0.915649 0.240446 0.240446 0.240446
4378.709961 0.000000 2409.383789 0.000000 0.686513 0.000000 -0.727117 0.210776 0.210776 0.210776
4378.364746 0.000000 2397.905029 0.000000 0.587409 0.000000 -0.809290 0.206904 0.206904 0.206904
4398.042969 0.000000 2378.198486 0.000000 0.306798 0.000000 -0.951775 0.225833 0.225833 0.225833
4404.003906 0.000000 2375.671387 0.000000 0.640116 0.000000 -0.768278 0.218447 0.218447 0.218447
4411.100586 0.000000 2382.436523 0.000000 0.576735 0.000000 -0.816931 0.225144 0.225144 0.225144
4407.819336 0.000000 2391.174561 0.000000 0.256150 0.000000 -0.966637 0.226894 0.226894 0.226894
4361.322266 0.000000 2391.311279 0.000000 0.505022 0.000000 -0.863106 0.269618 0.269618 0.269618
4366.777344 0.000000 2392.595947 0.000000 0.187575 0.000000 -0.982250 0.325879 0.325879 0.325879
4366.222168 0.000000 2395.494629 0.000000 0.441789 0.000000 -0.897119 0.320635 0.320635 0.320635
4366.035156 0.000000 2398.343506 0.000000 0.414988 0.000000 -0.909827 0.313894 0.313894 0.313894
4367.223145 0.000000 2400.690186 0.000000 0.455401 0.000000 -0.890286 0.320970 0.320970 0.320970
4383.758301 0.000000 2458.987793 0.000000 0.731463 0.000000 -0.681881 0.205002 0.205002 0.205002
4406.173828 0.000000 2435.012451 0.000000 0.361659 0.000000 -0.932310 0.217326 0.217326 0.217326
4413.611816 0.000000 2467.587891 0.000000 0.741212 0.000000 -0.671271 0.219118 0.219118 0.219118
4413.125000 0.000000 2481.307373 0.000000 0.129616 0.000000 -0.991564 0.264217 0.264217 0.264217
4383.888672 0.000000 2450.372314 0.000000 0.497011 0.000000 -0.867744 0.260418 0.260418 0.260418
4423.979980 0.000000 2470.963379 0.000000 0.415849 0.000000 -0.909434 0.221173 0.221173 0.221173
4425.641113 0.000000 2482.015869 0.000000 0.790506 0.000000 -0.612454 0.214948 0.214948 0.214948
4419.505371 0.000000 2472.254395 0.000000 0.092362 0.000000 -0.995726 0.215682 0.215682 0.215682
4418.311035 0.000000 2465.439209 0.000000 0.462153 0.000000 -0.886800 0.241044 0.241044 0.241044
4418.269043 0.000000 2482.261963 0.000000 0.300387 0.000000 -0.953817 0.297250 0.297250 0.297250
4416.517090 0.000000 2478.605225 0.000000 0.598701 0.000000 -0.800973 0.283652 0.283652 0.283652
4419.162109 0.000000 2480.879883 0.000000 0.502026 0.000000 -0.864852 0.302812 0.302812 0.302812
4420.948730 0.000000 2485.427490 0.000000 0.296967 0.000000 -0.954888 0.245276 0.245276 0.245276
"}
