object={
	name="cypress_mediterranean_sparse_generator_3_0"
	clamp_to_water_level=no
	render_under_water=no
	generated_content=yes
	layer="semidynamic_high"
	pdxmesh="tree_cypress_mediterranean_02_mesh"
	count=50
	transform="4350.624512 0.000000 2381.163818 0.000000 0.869251 0.000000 0.494371 0.196579 0.196579 0.196579
4351.510742 0.000000 2397.080566 0.000000 0.564778 0.000000 0.825243 0.199139 0.199139 0.199139
4345.814453 0.000000 2391.186279 0.000000 0.821005 0.000000 0.570921 0.207188 0.207188 0.207188
4348.473145 0.000000 2399.327881 0.000000 0.888290 0.000000 0.459283 0.213602 0.213602 0.213602
4342.848633 0.000000 2394.856445 0.000000 0.751874 0.000000 0.659307 0.223592 0.223592 0.223592
4349.039062 0.000000 2390.684814 0.000000 0.910222 0.000000 0.414120 0.237163 0.237163 0.237163
4345.538086 0.000000 2395.294189 0.000000 0.624209 0.000000 0.781258 0.241307 0.241307 0.241307
4348.159668 0.000000 2389.979980 0.000000 0.205071 0.000000 0.978747 0.249716 0.249716 0.249716
4351.184082 0.000000 2386.374023 0.000000 0.115792 0.000000 0.993273 0.257871 0.257871 0.257871
4366.873047 0.000000 2380.390869 0.000000 0.863909 0.000000 0.503647 0.196574 0.196574 0.196574
4355.837402 0.000000 2395.905762 0.000000 0.899009 0.000000 -0.437931 0.203010 0.203010 0.203010
4403.759277 0.000000 2403.708496 0.000000 0.349693 0.000000 0.936864 0.191790 0.191790 0.191790
4363.486816 0.000000 2380.903320 0.000000 0.991271 0.000000 0.131843 0.199099 0.199099 0.199099
4382.952637 0.000000 2391.855957 0.000000 0.139487 0.000000 0.990224 0.190212 0.190212 0.190212
4368.244141 0.000000 2401.541504 0.000000 0.278512 0.000000 0.960433 0.191730 0.191730 0.191730
4386.508301 0.000000 2418.909424 0.000000 0.039002 0.000000 0.999239 0.196872 0.196872 0.196872
4394.678223 0.000000 2410.518799 0.000000 0.798647 0.000000 0.601800 0.205824 0.205824 0.205824
4368.278320 0.000000 2385.899414 0.000000 0.815547 0.000000 -0.578691 0.222288 0.222288 0.222288
4387.093262 0.000000 2394.719971 0.000000 0.419031 0.000000 0.907972 0.206988 0.206988 0.206988
4382.190918 0.000000 2409.397705 0.000000 0.028885 0.000000 0.999583 0.204577 0.204577 0.204577
4359.434570 0.000000 2383.087402 0.000000 0.883059 0.000000 0.469262 0.213507 0.213507 0.213507
4384.284180 0.000000 2414.532471 0.000000 0.883957 0.000000 -0.467568 0.239324 0.239324 0.239324
4361.676758 0.000000 2387.020264 0.000000 0.448605 0.000000 0.893730 0.218366 0.218366 0.218366
4358.267578 0.000000 2396.783691 0.000000 0.999972 0.000000 0.007423 0.232140 0.232140 0.232140
4365.735352 0.000000 2388.011963 0.000000 0.838789 0.000000 -0.544457 0.250272 0.250272 0.250272
4386.377441 0.000000 2416.071045 0.000000 0.945353 0.000000 -0.326048 0.231424 0.231424 0.231424
4359.231934 0.000000 2385.583008 0.000000 0.887908 0.000000 0.460021 0.226994 0.226994 0.226994
4398.671387 0.000000 2405.880371 0.000000 0.667783 0.000000 0.744356 0.230686 0.230686 0.230686
4396.409668 0.000000 2398.372070 0.000000 0.829292 0.000000 -0.558815 0.250461 0.250461 0.250461
4354.875977 0.000000 2404.930420 0.000000 0.030617 0.000000 0.999531 0.219994 0.219994 0.219994
4387.804199 0.000000 2415.645264 0.000000 0.363560 0.000000 0.931571 0.219971 0.219971 0.219971
4383.813965 0.000000 2395.382080 0.000000 0.911509 0.000000 -0.411280 0.254452 0.254452 0.254452
4352.049316 0.000000 2398.041260 0.000000 0.160401 0.000000 0.987052 0.225187 0.225187 0.225187
4357.597168 0.000000 2399.230469 0.000000 0.208767 0.000000 0.977965 0.238758 0.238758 0.238758
4376.136230 0.000000 2392.758057 0.000000 0.989566 0.000000 0.144083 0.247918 0.247918 0.247918
4374.709473 0.000000 2392.305908 0.000000 0.606889 0.000000 0.794787 0.233424 0.233424 0.233424
4354.597656 0.000000 2385.808838 0.000000 0.730242 0.000000 0.683189 0.238863 0.238863 0.238863
4356.370605 0.000000 2398.933350 0.000000 0.842768 0.000000 -0.538276 0.262044 0.262044 0.262044
4382.762207 0.000000 2394.512451 0.000000 0.708594 0.000000 0.705617 0.240575 0.240575 0.240575
4399.705078 0.000000 2403.627686 0.000000 0.596386 0.000000 0.802698 0.237853 0.237853 0.237853
4352.213379 0.000000 2384.445312 0.000000 0.971787 0.000000 0.235859 0.264319 0.264319 0.264319
4398.525879 0.000000 2400.072021 0.000000 0.999960 0.000000 -0.008910 0.250243 0.250243 0.250243
4357.747070 0.000000 2405.314697 0.000000 0.535659 0.000000 0.844435 0.256533 0.256533 0.256533
4353.343750 0.000000 2385.657227 0.000000 0.994037 0.000000 -0.109047 0.268970 0.268970 0.268970
4357.505859 0.000000 2401.814209 0.000000 0.938833 0.000000 0.344372 0.281621 0.281621 0.281621
4360.698730 0.000000 2403.808594 0.000000 0.163823 0.000000 0.986490 0.251517 0.251517 0.251517
4366.202637 0.000000 2386.047852 0.000000 0.849072 0.000000 -0.528277 0.292827 0.292827 0.292827
4368.854492 0.000000 2389.267334 0.000000 0.999968 0.000000 -0.008059 0.290045 0.290045 0.290045
4359.893555 0.000000 2400.296631 0.000000 0.912295 0.000000 -0.409534 0.297239 0.297239 0.297239
4369.859375 0.000000 2388.226318 0.000000 0.839038 0.000000 0.544073 0.280735 0.280735 0.280735
"}
object={
	name="cypress_mediterranean_sparse_generator_3_1"
	clamp_to_water_level=no
	render_under_water=no
	generated_content=yes
	layer="semidynamic_high"
	pdxmesh="tree_cypress_mediterranean_01_mesh"
	count=28
	transform="4342.485352 0.000000 2397.758057 0.000000 0.077168 0.000000 -0.997018 0.237287 0.237287 0.237287
4346.873047 0.000000 2388.092529 0.000000 0.783952 0.000000 -0.620821 0.251301 0.251301 0.251301
4402.584961 0.000000 2400.238037 0.000000 0.440133 0.000000 -0.897932 0.207293 0.207293 0.207293
4383.005371 0.000000 2407.248535 0.000000 0.517720 0.000000 -0.855550 0.215383 0.215383 0.215383
4395.311523 0.000000 2397.491455 0.000000 0.433202 0.000000 -0.901297 0.218566 0.218566 0.218566
4356.789062 0.000000 2406.200684 0.000000 0.594751 0.000000 -0.803910 0.223745 0.223745 0.223745
4362.780273 0.000000 2407.127686 0.000000 0.178353 0.000000 -0.983967 0.228814 0.228814 0.228814
4400.891113 0.000000 2400.717773 0.000000 0.719837 0.000000 -0.694144 0.221760 0.221760 0.221760
4394.375488 0.000000 2403.886963 0.000000 0.523360 0.000000 -0.852112 0.225683 0.225683 0.225683
4352.369629 0.000000 2383.245605 0.000000 0.528011 0.000000 -0.849238 0.238474 0.238474 0.238474
4356.635742 0.000000 2384.746582 0.000000 0.613393 0.000000 -0.789778 0.233238 0.233238 0.233238
4400.395508 0.000000 2404.674805 0.000000 0.092048 0.000000 -0.995755 0.242238 0.242238 0.242238
4353.945801 0.000000 2388.647461 0.000000 0.693534 0.000000 -0.720424 0.241902 0.241902 0.241902
4385.762207 0.000000 2394.241699 0.000000 0.249857 0.000000 -0.968283 0.253961 0.253961 0.253961
4384.813477 0.000000 2415.849609 0.000000 0.761726 0.000000 -0.647900 0.241508 0.241508 0.241508
4376.874512 0.000000 2390.358887 0.000000 0.669180 0.000000 -0.743100 0.244653 0.244653 0.244653
4367.028809 0.000000 2385.449707 0.000000 0.122115 0.000000 -0.992516 0.261095 0.261095 0.261095
4378.696777 0.000000 2392.089844 0.000000 0.109665 0.000000 -0.993969 0.265731 0.265731 0.265731
4398.269531 0.000000 2407.645264 0.000000 0.265187 0.000000 -0.964197 0.255057 0.255057 0.255057
4378.370605 0.000000 2394.933594 0.000000 0.199190 0.000000 -0.979961 0.260232 0.260232 0.260232
4360.415527 0.000000 2399.416016 0.000000 0.778936 0.000000 -0.627104 0.255576 0.255576 0.255576
4361.453613 0.000000 2385.014160 0.000000 0.347199 0.000000 -0.937791 0.262932 0.262932 0.262932
4354.034668 0.000000 2398.429443 0.000000 0.096351 0.000000 -0.995347 0.276214 0.276214 0.276214
4352.649414 0.000000 2387.258789 0.000000 0.003656 0.000000 -0.999993 0.285867 0.285867 0.285867
4359.807129 0.000000 2405.545410 0.000000 0.170586 0.000000 -0.985343 0.290773 0.290773 0.290773
4371.508789 0.000000 2388.735840 0.000000 0.283455 0.000000 -0.958986 0.278948 0.278948 0.278948
4358.455566 0.000000 2403.418213 0.000000 0.512826 0.000000 -0.858492 0.318015 0.318015 0.318015
4356.713867 0.000000 2401.172363 0.000000 0.759187 0.000000 -0.650872 0.298190 0.298190 0.298190
"}
