object={
	name="cypress_mediterranean_dense_generator_2_0"
	clamp_to_water_level=no
	render_under_water=no
	generated_content=yes
	layer="semidynamic_medium"
	pdxmesh="tree_cypress_mediterranean_02_mesh"
	count=111
	transform="4350.582031 0.000000 2387.210938 0.000000 0.961852 0.000000 -0.273571 0.221144 0.221144 0.221144
4350.321777 0.000000 2390.676025 0.000000 0.361020 0.000000 0.932558 0.270262 0.270262 0.270262
4351.116211 0.000000 2392.093506 0.000000 0.624808 0.000000 0.780778 0.282608 0.282608 0.282608
4349.613770 0.000000 2398.914795 0.000000 0.964365 0.000000 0.264577 0.282931 0.282931 0.282931
4350.282715 0.000000 2388.464600 0.000000 0.779557 0.000000 0.626331 0.275508 0.275508 0.275508
4349.902344 0.000000 2395.194092 0.000000 0.940178 0.000000 -0.340683 0.303054 0.303054 0.303054
4361.203613 0.000000 2408.044434 0.000000 0.994117 0.000000 -0.108309 0.200713 0.200713 0.200713
4383.334473 0.000000 2413.329102 0.000000 0.604899 0.000000 0.796302 0.193791 0.193791 0.193791
4390.889160 0.000000 2395.783447 0.000000 0.382666 0.000000 0.923887 0.192059 0.192059 0.192059
4371.991699 0.000000 2405.571289 0.000000 0.919784 0.000000 0.392426 0.201241 0.201241 0.201241
4360.614258 0.000000 2385.872559 0.000000 0.525275 0.000000 0.850932 0.205444 0.205444 0.205444
4399.085449 0.000000 2411.171875 0.000000 0.981672 0.000000 -0.190579 0.213008 0.213008 0.213008
4388.682129 0.000000 2396.133057 0.000000 0.470602 0.000000 0.882345 0.208485 0.208485 0.208485
4392.688965 0.000000 2396.744141 0.000000 0.969708 0.000000 0.244266 0.213363 0.213363 0.213363
4376.422363 0.000000 2402.043945 0.000000 0.040848 0.000000 0.999165 0.240003 0.240003 0.240003
4388.830078 0.000000 2407.271484 0.000000 0.974340 0.000000 0.225083 0.255723 0.255723 0.255723
4354.335449 0.000000 2403.573730 0.000000 0.422687 0.000000 0.906276 0.234059 0.234059 0.234059
4371.835449 0.000000 2393.230713 0.000000 0.994351 0.000000 0.106146 0.237825 0.237825 0.237825
4382.924805 0.000000 2411.648682 0.000000 0.846939 0.000000 0.531690 0.229373 0.229373 0.229373
4367.974609 0.000000 2405.903564 0.000000 0.112482 0.000000 0.993654 0.228515 0.228515 0.228515
4386.559570 0.000000 2405.549316 0.000000 0.814494 0.000000 -0.580172 0.272207 0.272207 0.272207
4365.021484 0.000000 2404.972656 0.000000 0.990440 0.000000 -0.137942 0.247194 0.247194 0.247194
4368.278320 0.000000 2393.062988 0.000000 0.602244 0.000000 0.798312 0.236921 0.236921 0.236921
4389.817871 0.000000 2405.910645 0.000000 0.879279 0.000000 0.476308 0.258210 0.258210 0.258210
4355.597168 0.000000 2397.450439 0.000000 0.932322 0.000000 -0.361630 0.275960 0.275960 0.275960
4361.880371 0.000000 2405.862305 0.000000 0.404787 0.000000 0.914411 0.235818 0.235818 0.235818
4390.078125 0.000000 2413.973389 0.000000 0.809762 0.000000 0.586759 0.264323 0.264323 0.264323
4383.303223 0.000000 2399.355225 0.000000 0.861416 0.000000 0.507901 0.264064 0.264064 0.264064
4356.846680 0.000000 2387.250977 0.000000 0.070050 0.000000 0.997543 0.240839 0.240839 0.240839
4367.217285 0.000000 2404.492188 0.000000 0.935357 0.000000 -0.353705 0.248511 0.248511 0.248511
4370.930176 0.000000 2396.206299 0.000000 0.997830 0.000000 0.065837 0.271074 0.271074 0.271074
4397.387695 0.000000 2405.131836 0.000000 0.985048 0.000000 -0.172282 0.294967 0.294967 0.294967
4387.500488 0.000000 2399.928223 0.000000 0.997231 0.000000 -0.074359 0.260033 0.260033 0.260033
4379.529297 0.000000 2403.029785 0.000000 0.795815 0.000000 0.605539 0.281601 0.281601 0.281601
4377.742188 0.000000 2401.395020 0.000000 0.563843 0.000000 0.825882 0.273912 0.273912 0.273912
4357.850586 0.000000 2390.122070 0.000000 0.916195 0.000000 -0.400733 0.297672 0.297672 0.297672
4364.996094 0.000000 2402.175537 0.000000 0.255797 0.000000 0.966731 0.236436 0.236436 0.236436
4379.322754 0.000000 2396.813721 0.000000 0.979078 0.000000 0.203484 0.291563 0.291563 0.291563
4375.838867 0.000000 2403.367432 0.000000 0.345987 0.000000 0.938239 0.233127 0.233127 0.233127
4395.575684 0.000000 2403.073975 0.000000 0.833408 0.000000 -0.552658 0.265819 0.265819 0.265819
4374.404297 0.000000 2397.958984 0.000000 0.512139 0.000000 0.858902 0.257147 0.257147 0.257147
4387.506348 0.000000 2404.213867 0.000000 0.413477 0.000000 0.910515 0.249239 0.249239 0.249239
4359.500488 0.000000 2391.640137 0.000000 0.901495 0.000000 -0.432789 0.298830 0.298830 0.298830
4390.782227 0.000000 2400.353516 0.000000 0.507861 0.000000 0.861439 0.245645 0.245645 0.245645
4390.014160 0.000000 2403.172363 0.000000 0.996703 0.000000 0.081137 0.292503 0.292503 0.292503
4388.309082 0.000000 2401.729736 0.000000 0.999979 0.000000 -0.006451 0.283852 0.283852 0.283852
4376.470703 0.000000 2395.091797 0.000000 0.993660 0.000000 0.112423 0.256036 0.256036 0.256036
4386.937988 0.000000 2402.848877 0.000000 0.498601 0.000000 0.866831 0.257425 0.257425 0.257425
4377.036621 0.000000 2397.278564 0.000000 0.999421 0.000000 -0.034021 0.283709 0.283709 0.283709
4389.085938 0.000000 2398.714600 0.000000 0.865898 0.000000 -0.500220 0.268010 0.268010 0.268010
4386.454102 0.000000 2413.364990 0.000000 0.761594 0.000000 0.648055 0.275071 0.275071 0.275071
4353.993652 0.000000 2395.793701 0.000000 0.864743 0.000000 -0.502214 0.289984 0.289984 0.289984
4368.399414 0.000000 2400.064453 0.000000 0.975227 0.000000 -0.221204 0.302683 0.302683 0.302683
4354.058594 0.000000 2390.783203 0.000000 0.880436 0.000000 -0.474166 0.291870 0.291870 0.291870
4358.510254 0.000000 2388.944092 0.000000 0.104428 0.000000 0.994532 0.263278 0.263278 0.263278
4371.693848 0.000000 2401.679443 0.000000 0.393133 0.000000 0.919481 0.254324 0.254324 0.254324
4383.786621 0.000000 2406.065186 0.000000 0.858816 0.000000 -0.512285 0.286589 0.286589 0.286589
4375.724609 0.000000 2399.473145 0.000000 0.976630 0.000000 -0.214928 0.258370 0.258370 0.258370
4355.455566 0.000000 2391.024902 0.000000 0.997269 0.000000 -0.073855 0.285444 0.285444 0.285444
4396.222168 0.000000 2405.729492 0.000000 0.686224 0.000000 0.727390 0.278938 0.278938 0.278938
4356.081543 0.000000 2392.313477 0.000000 0.887734 0.000000 -0.460357 0.270966 0.270966 0.270966
4356.788086 0.000000 2394.844482 0.000000 0.518118 0.000000 0.855309 0.250283 0.250283 0.250283
4360.616211 0.000000 2389.587402 0.000000 0.233144 0.000000 0.972442 0.276110 0.276110 0.276110
4394.544434 0.000000 2409.196777 0.000000 0.125751 0.000000 0.992062 0.273544 0.273544 0.273544
4356.220703 0.000000 2389.698486 0.000000 0.877486 0.000000 -0.479602 0.291965 0.291965 0.291965
4385.315918 0.000000 2405.036865 0.000000 0.883333 0.000000 0.468745 0.269450 0.269450 0.269450
4382.521973 0.000000 2405.789551 0.000000 0.993098 0.000000 0.117290 0.286935 0.286935 0.286935
4374.048340 0.000000 2395.456787 0.000000 0.957590 0.000000 -0.288136 0.290523 0.290523 0.290523
4395.584473 0.000000 2411.418701 0.000000 0.673871 0.000000 0.738849 0.253828 0.253828 0.253828
4396.134277 0.000000 2407.324951 0.000000 0.774579 0.000000 0.632478 0.287820 0.287820 0.287820
4372.231934 0.000000 2396.131592 0.000000 0.884999 0.000000 -0.465594 0.273992 0.273992 0.273992
4357.575684 0.000000 2393.692383 0.000000 0.963229 0.000000 -0.268683 0.268265 0.268265 0.268265
4393.405762 0.000000 2410.196533 0.000000 0.897615 0.000000 0.440781 0.283161 0.283161 0.283161
4379.792969 0.000000 2401.784424 0.000000 0.910703 0.000000 0.413061 0.290558 0.290558 0.290558
4376.864258 0.000000 2398.897705 0.000000 0.497479 0.000000 0.867476 0.265793 0.265793 0.265793
4389.123047 0.000000 2411.505615 0.000000 0.664447 0.000000 0.747336 0.268877 0.268877 0.268877
4381.854004 0.000000 2401.536133 0.000000 0.341854 0.000000 0.939753 0.278905 0.278905 0.278905
4381.995605 0.000000 2396.909912 0.000000 0.985132 0.000000 0.171800 0.292097 0.292097 0.292097
4380.419922 0.000000 2403.886719 0.000000 0.277985 0.000000 0.960585 0.277166 0.277166 0.277166
4353.312988 0.000000 2391.829346 0.000000 0.335135 0.000000 0.942170 0.278552 0.278552 0.278552
4393.168457 0.000000 2403.901123 0.000000 0.911606 0.000000 -0.411065 0.307345 0.307345 0.307345
4385.799316 0.000000 2411.229736 0.000000 0.945643 0.000000 -0.325206 0.277169 0.277169 0.277169
4362.511230 0.000000 2391.034668 0.000000 0.951363 0.000000 -0.308072 0.305524 0.305524 0.305524
4384.813965 0.000000 2410.198486 0.000000 0.830604 0.000000 -0.556864 0.280787 0.280787 0.280787
4393.785156 0.000000 2406.427002 0.000000 0.428620 0.000000 0.903485 0.279168 0.279168 0.279168
4383.121582 0.000000 2403.604004 0.000000 0.550896 0.000000 0.834574 0.275146 0.275146 0.275146
4381.463379 0.000000 2398.419678 0.000000 0.571019 0.000000 0.820937 0.278013 0.278013 0.278013
4376.429199 0.000000 2396.277344 0.000000 0.986662 0.000000 0.162781 0.280714 0.280714 0.280714
4367.586426 0.000000 2398.213135 0.000000 0.994937 0.000000 -0.100496 0.301806 0.301806 0.301806
4355.978516 0.000000 2388.561768 0.000000 0.960706 0.000000 0.277570 0.290298 0.290298 0.290298
4396.773926 0.000000 2408.266846 0.000000 0.869896 0.000000 0.493236 0.290728 0.290728 0.290728
4389.454590 0.000000 2401.527588 0.000000 0.991834 0.000000 -0.127535 0.285701 0.285701 0.285701
4393.761719 0.000000 2411.333008 0.000000 0.956667 0.000000 0.291185 0.285741 0.285741 0.285741
4378.586914 0.000000 2403.869141 0.000000 0.871862 0.000000 -0.489752 0.300463 0.300463 0.300463
4392.188477 0.000000 2409.686768 0.000000 0.133215 0.000000 0.991087 0.272531 0.272531 0.272531
4391.291504 0.000000 2411.349365 0.000000 0.997492 0.000000 -0.070781 0.291612 0.291612 0.291612
4352.361816 0.000000 2393.979736 0.000000 0.422445 0.000000 0.906388 0.269869 0.269869 0.269869
4391.180176 0.000000 2402.768066 0.000000 0.989816 0.000000 0.142354 0.291490 0.291490 0.291490
4352.125977 0.000000 2391.765625 0.000000 0.087695 0.000000 0.996147 0.274121 0.274121 0.274121
4380.225586 0.000000 2399.973633 0.000000 0.763163 0.000000 0.646206 0.282292 0.282292 0.282292
4360.323730 0.000000 2390.868164 0.000000 0.666905 0.000000 0.745143 0.285517 0.285517 0.285517
4353.144043 0.000000 2397.798096 0.000000 0.306081 0.000000 0.952005 0.275982 0.275982 0.275982
4392.466309 0.000000 2405.881104 0.000000 0.479380 0.000000 0.877607 0.280832 0.280832 0.280832
4353.148926 0.000000 2396.492920 0.000000 0.991179 0.000000 0.132530 0.294960 0.294960 0.294960
4389.960449 0.000000 2412.212402 0.000000 0.412262 0.000000 0.911065 0.273561 0.273561 0.273561
4388.699219 0.000000 2413.858643 0.000000 0.442136 0.000000 0.896948 0.274097 0.274097 0.274097
4378.147949 0.000000 2396.889160 0.000000 0.816059 0.000000 0.577968 0.284748 0.284748 0.284748
4364.187012 0.000000 2392.616211 0.000000 0.991939 0.000000 0.126716 0.297702 0.297702 0.297702
4395.103516 0.000000 2407.616699 0.000000 0.862213 0.000000 0.506546 0.290353 0.290353 0.290353
4365.781738 0.000000 2392.874023 0.000000 0.650668 0.000000 0.759362 0.284403 0.284403 0.284403
4363.260254 0.000000 2392.868896 0.000000 0.943942 0.000000 0.330111 0.293802 0.293802 0.293802
"}
object={
	name="cypress_mediterranean_dense_generator_2_1"
	clamp_to_water_level=no
	render_under_water=no
	generated_content=yes
	layer="semidynamic_medium"
	pdxmesh="tree_cypress_mediterranean_01_mesh"
	count=36
	transform="4350.477051 0.000000 2397.750000 0.000000 0.020205 0.000000 -0.999796 0.327233 0.327233 0.327233
4351.956055 0.000000 2399.262207 0.000000 0.310402 0.000000 -0.950605 0.303513 0.303513 0.303513
4351.384277 0.000000 2388.107910 0.000000 0.539247 0.000000 -0.842148 0.301508 0.301508 0.301508
4349.255859 0.000000 2393.433594 0.000000 0.786637 0.000000 -0.617415 0.303562 0.303562 0.303562
4351.124512 0.000000 2396.057129 0.000000 0.444912 0.000000 -0.895574 0.319490 0.319490 0.319490
4362.329590 0.000000 2397.048340 0.000000 0.351239 0.000000 -0.936286 0.214330 0.214330 0.214330
4364.080078 0.000000 2403.632568 0.000000 0.359619 0.000000 -0.933099 0.265925 0.265925 0.265925
4389.379395 0.000000 2409.230469 0.000000 0.800132 0.000000 -0.599823 0.270128 0.270128 0.270128
4363.039062 0.000000 2388.600098 0.000000 0.417635 0.000000 -0.908615 0.292243 0.292243 0.292243
4368.485352 0.000000 2397.456055 0.000000 0.619804 0.000000 -0.784756 0.299355 0.299355 0.299355
4364.917480 0.000000 2390.540771 0.000000 0.107481 0.000000 -0.994207 0.307350 0.307350 0.307350
4384.608398 0.000000 2403.875000 0.000000 0.785713 0.000000 -0.618591 0.287274 0.287274 0.287274
4370.834473 0.000000 2398.933105 0.000000 0.512146 0.000000 -0.858899 0.271380 0.271380 0.271380
4370.172363 0.000000 2397.490967 0.000000 0.362941 0.000000 -0.931812 0.288644 0.288644 0.288644
4358.813965 0.000000 2394.107666 0.000000 0.791376 0.000000 -0.611330 0.256544 0.256544 0.256544
4359.363281 0.000000 2395.794189 0.000000 0.207428 0.000000 -0.978250 0.264598 0.264598 0.264598
4389.210449 0.000000 2404.425293 0.000000 0.217468 0.000000 -0.976067 0.282391 0.282391 0.282391
4382.348145 0.000000 2402.682129 0.000000 0.283301 0.000000 -0.959031 0.311694 0.311694 0.311694
4370.397949 0.000000 2394.479004 0.000000 0.658629 0.000000 -0.752467 0.299809 0.299809 0.299809
4354.009277 0.000000 2393.392578 0.000000 0.428289 0.000000 -0.903642 0.279468 0.279468 0.279468
4394.783691 0.000000 2405.149902 0.000000 0.285566 0.000000 -0.958359 0.322790 0.322790 0.322790
4367.223145 0.000000 2400.690186 0.000000 0.455401 0.000000 -0.890286 0.320353 0.320353 0.320353
4395.818848 0.000000 2409.845703 0.000000 0.741860 0.000000 -0.670555 0.313459 0.313459 0.313459
4384.342773 0.000000 2407.389160 0.000000 0.726691 0.000000 -0.686965 0.277648 0.277648 0.277648
4358.218750 0.000000 2391.417725 0.000000 0.265419 0.000000 -0.964133 0.312641 0.312641 0.312641
4369.977051 0.000000 2401.812988 0.000000 0.528713 0.000000 -0.848801 0.316163 0.316163 0.316163
4387.658203 0.000000 2412.899170 0.000000 0.598974 0.000000 -0.800768 0.300382 0.300382 0.300382
4380.046387 0.000000 2405.657959 0.000000 0.204389 0.000000 -0.978890 0.322807 0.322807 0.322807
4366.047363 0.000000 2399.541016 0.000000 0.807376 0.000000 -0.590037 0.311321 0.311321 0.311321
4353.121582 0.000000 2389.452148 0.000000 0.801917 0.000000 -0.597436 0.308588 0.308588 0.308588
4374.963379 0.000000 2394.816650 0.000000 0.220524 0.000000 -0.975381 0.306887 0.306887 0.306887
4362.092773 0.000000 2392.130371 0.000000 0.067327 0.000000 -0.997731 0.327700 0.327700 0.327700
4397.039062 0.000000 2409.767090 0.000000 0.527533 0.000000 -0.849535 0.318247 0.318247 0.318247
4379.464355 0.000000 2397.908203 0.000000 0.374402 0.000000 -0.927267 0.314626 0.314626 0.314626
4378.685059 0.000000 2401.941406 0.000000 0.492257 0.000000 -0.870450 0.315620 0.315620 0.315620
4372.834473 0.000000 2395.240723 0.000000 0.385095 0.000000 -0.922877 0.309315 0.309315 0.309315
"}
