object={
	name="cypress_mediterranean_sparse_generator_2_0"
	clamp_to_water_level=no
	render_under_water=no
	generated_content=yes
	layer="semidynamic_medium"
	pdxmesh="tree_cypress_mediterranean_02_mesh"
	count=78
	transform="4343.638184 0.000000 2388.087158 0.000000 0.960053 0.000000 -0.279818 0.201827 0.201827 0.201827
4349.032715 0.000000 2394.531738 0.000000 0.765960 0.000000 0.642888 0.195119 0.195119 0.195119
4349.638184 0.000000 2392.066895 0.000000 0.127924 0.000000 0.991784 0.201497 0.201497 0.201497
4351.814453 0.000000 2390.788330 0.000000 0.767449 0.000000 0.641110 0.213852 0.213852 0.213852
4344.096680 0.000000 2399.987793 0.000000 0.066287 0.000000 0.997801 0.207324 0.207324 0.207324
4344.708984 0.000000 2392.787354 0.000000 0.870853 0.000000 0.491543 0.226645 0.226645 0.226645
4347.429199 0.000000 2397.656250 0.000000 0.669012 0.000000 0.743251 0.220388 0.220388 0.220388
4344.710938 0.000000 2396.175293 0.000000 0.782603 0.000000 0.622521 0.237154 0.237154 0.237154
4345.728516 0.000000 2397.738525 0.000000 0.913067 0.000000 0.407809 0.239922 0.239922 0.239922
4345.773926 0.000000 2394.132568 0.000000 0.892496 0.000000 0.451055 0.246334 0.246334 0.246334
4349.294434 0.000000 2387.859131 0.000000 0.546429 0.000000 0.837506 0.253216 0.253216 0.253216
4350.420410 0.000000 2385.684570 0.000000 0.823109 0.000000 0.567883 0.249990 0.249990 0.249990
4378.074219 0.000000 2402.860107 0.000000 0.982405 0.000000 0.186761 0.198766 0.198766 0.198766
4374.937012 0.000000 2386.770996 0.000000 0.430577 0.000000 0.902554 0.192440 0.192440 0.192440
4379.131348 0.000000 2388.464844 0.000000 0.095644 0.000000 0.995416 0.190021 0.190021 0.190021
4356.047852 0.000000 2380.693848 0.000000 0.619428 0.000000 0.785053 0.193892 0.193892 0.193892
4381.530273 0.000000 2399.636230 0.000000 0.998730 0.000000 -0.050389 0.200344 0.200344 0.200344
4393.967773 0.000000 2402.161621 0.000000 0.067831 0.000000 0.997697 0.193660 0.193660 0.193660
4372.094727 0.000000 2387.744629 0.000000 0.987887 0.000000 -0.155177 0.206480 0.206480 0.206480
4391.299805 0.000000 2418.723145 0.000000 0.980309 0.000000 0.197470 0.201640 0.201640 0.201640
4363.616211 0.000000 2401.684814 0.000000 0.833996 0.000000 -0.551770 0.213778 0.213778 0.213778
4396.051758 0.000000 2404.437988 0.000000 0.773861 0.000000 0.633356 0.207090 0.207090 0.207090
4374.077637 0.000000 2389.518311 0.000000 0.948202 0.000000 0.317667 0.218172 0.218172 0.218172
4355.913086 0.000000 2383.280273 0.000000 0.731229 0.000000 0.682132 0.213377 0.213377 0.213377
4380.928223 0.000000 2390.223877 0.000000 0.517099 0.000000 0.855926 0.200250 0.200250 0.200250
4376.535645 0.000000 2388.698730 0.000000 0.938328 0.000000 -0.345747 0.210252 0.210252 0.210252
4371.362793 0.000000 2400.331543 0.000000 0.941528 0.000000 0.336935 0.204401 0.204401 0.204401
4378.245605 0.000000 2390.855713 0.000000 0.685049 0.000000 0.728497 0.218001 0.218001 0.218001
4354.944824 0.000000 2389.739746 0.000000 0.697911 0.000000 0.716185 0.201482 0.201482 0.201482
4380.944336 0.000000 2408.211182 0.000000 0.973558 0.000000 0.228440 0.215693 0.215693 0.215693
4380.838379 0.000000 2397.411133 0.000000 0.350686 0.000000 0.936493 0.214364 0.214364 0.214364
4358.475098 0.000000 2386.934326 0.000000 0.991815 0.000000 0.127685 0.212130 0.212130 0.212130
4387.522949 0.000000 2416.989746 0.000000 0.962814 0.000000 0.270165 0.225711 0.225711 0.225711
4383.888672 0.000000 2393.887939 0.000000 0.919709 0.000000 0.392601 0.224486 0.224486 0.224486
4390.962402 0.000000 2416.523682 0.000000 0.826842 0.000000 -0.562434 0.231562 0.231562 0.231562
4384.607910 0.000000 2411.434326 0.000000 0.424196 0.000000 0.905571 0.213085 0.213085 0.213085
4358.953125 0.000000 2407.954102 0.000000 0.173230 0.000000 0.984881 0.207774 0.207774 0.207774
4397.814941 0.000000 2408.889893 0.000000 1.000000 0.000000 -0.000795 0.217094 0.217094 0.217094
4381.739258 0.000000 2393.806885 0.000000 0.816313 0.000000 -0.577610 0.247739 0.247739 0.247739
4362.618164 0.000000 2385.888184 0.000000 0.813482 0.000000 -0.581591 0.254334 0.254334 0.254334
4401.909180 0.000000 2404.185059 0.000000 0.969462 0.000000 0.245240 0.225954 0.225954 0.225954
4363.084961 0.000000 2382.722412 0.000000 0.407069 0.000000 0.913397 0.215926 0.215926 0.215926
4401.324707 0.000000 2407.940918 0.000000 0.988788 0.000000 0.149329 0.235162 0.235162 0.235162
4389.294434 0.000000 2417.299805 0.000000 0.656582 0.000000 0.754255 0.235148 0.235148 0.235148
4394.442383 0.000000 2400.394531 0.000000 0.940939 0.000000 0.338575 0.248311 0.248311 0.248311
4387.619629 0.000000 2414.250732 0.000000 0.245615 0.000000 0.969367 0.218764 0.218764 0.218764
4397.839355 0.000000 2399.029541 0.000000 0.923904 0.000000 -0.382625 0.248270 0.248270 0.248270
4395.765137 0.000000 2401.627930 0.000000 0.942102 0.000000 -0.335326 0.256410 0.256410 0.256410
4362.416504 0.000000 2404.027832 0.000000 0.900979 0.000000 -0.433863 0.232524 0.232524 0.232524
4370.442383 0.000000 2387.360352 0.000000 0.983417 0.000000 -0.181357 0.237989 0.237989 0.237989
4383.972656 0.000000 2396.724609 0.000000 0.979648 0.000000 0.200722 0.241219 0.241219 0.241219
4377.349609 0.000000 2392.294434 0.000000 0.681254 0.000000 0.732047 0.240138 0.240138 0.240138
4391.989746 0.000000 2398.247559 0.000000 0.905723 0.000000 -0.423869 0.234752 0.234752 0.234752
4372.433105 0.000000 2389.358398 0.000000 0.958555 0.000000 0.284907 0.232652 0.232652 0.232652
4371.704102 0.000000 2386.107910 0.000000 0.269667 0.000000 0.962954 0.222937 0.222937 0.222937
4355.049316 0.000000 2384.614502 0.000000 0.046473 0.000000 0.998920 0.230161 0.230161 0.230161
4378.869141 0.000000 2393.792725 0.000000 0.951846 0.000000 -0.306575 0.252584 0.252584 0.252584
4366.469238 0.000000 2391.002197 0.000000 0.659519 0.000000 0.751688 0.226455 0.226455 0.226455
4370.461914 0.000000 2388.924316 0.000000 0.966964 0.000000 -0.254915 0.265775 0.265775 0.265775
4362.378418 0.000000 2384.205078 0.000000 0.947997 0.000000 -0.318278 0.250989 0.250989 0.250989
4369.817871 0.000000 2391.504883 0.000000 0.191310 0.000000 0.981530 0.231807 0.231807 0.231807
4374.351074 0.000000 2391.084229 0.000000 0.839828 0.000000 -0.542852 0.251436 0.251436 0.251436
4398.867676 0.000000 2402.803467 0.000000 0.154813 0.000000 0.987944 0.232349 0.232349 0.232349
4397.470215 0.000000 2400.570801 0.000000 0.804909 0.000000 0.593399 0.251695 0.251695 0.251695
4372.575195 0.000000 2390.847900 0.000000 0.194360 0.000000 0.980930 0.233771 0.233771 0.233771
4358.595703 0.000000 2398.342773 0.000000 0.368263 0.000000 0.929722 0.246158 0.246158 0.246158
4367.446289 0.000000 2388.361816 0.000000 0.824411 0.000000 -0.565992 0.286925 0.286925 0.286925
4360.161133 0.000000 2384.465088 0.000000 0.017628 0.000000 0.999845 0.231253 0.231253 0.231253
4364.289551 0.000000 2385.791016 0.000000 0.796077 0.000000 0.605195 0.241584 0.241584 0.241584
4381.067383 0.000000 2395.856689 0.000000 0.556602 0.000000 0.830779 0.238308 0.238308 0.238308
4369.469238 0.000000 2390.082275 0.000000 0.076021 0.000000 0.997106 0.230495 0.230495 0.230495
4397.249512 0.000000 2403.582520 0.000000 0.904924 0.000000 0.425573 0.239171 0.239171 0.239171
4380.286133 0.000000 2394.029297 0.000000 0.874833 0.000000 0.484424 0.243766 0.243766 0.243766
4353.498535 0.000000 2400.320557 0.000000 0.983416 0.000000 0.181365 0.257376 0.257376 0.257376
4365.344238 0.000000 2386.633545 0.000000 0.999994 0.000000 -0.003365 0.270354 0.270354 0.270354
4369.185059 0.000000 2386.849854 0.000000 0.873273 0.000000 0.487232 0.261750 0.261750 0.261750
4356.693359 0.000000 2404.984131 0.000000 0.780719 0.000000 0.624882 0.261061 0.261061 0.261061
4359.204590 0.000000 2401.326416 0.000000 0.435662 0.000000 0.900110 0.272526 0.272526 0.272526
"}
object={
	name="cypress_mediterranean_sparse_generator_2_1"
	clamp_to_water_level=no
	render_under_water=no
	generated_content=yes
	layer="semidynamic_medium"
	pdxmesh="tree_cypress_mediterranean_01_mesh"
	count=24
	transform="4346.028320 0.000000 2385.442383 0.000000 0.275342 0.000000 -0.961346 0.208934 0.208934 0.208934
4349.738281 0.000000 2400.593018 0.000000 0.474465 0.000000 -0.880274 0.215153 0.215153 0.215153
4342.180664 0.000000 2396.193848 0.000000 0.374073 0.000000 -0.927399 0.234524 0.234524 0.234524
4351.273438 0.000000 2383.734863 0.000000 0.143776 0.000000 -0.989610 0.231000 0.231000 0.231000
4350.854492 0.000000 2398.927246 0.000000 0.737756 0.000000 -0.675067 0.224525 0.224525 0.224525
4347.993164 0.000000 2388.887451 0.000000 0.759100 0.000000 -0.650974 0.251728 0.251728 0.251728
4349.240234 0.000000 2386.375000 0.000000 0.799609 0.000000 -0.600521 0.274933 0.274933 0.274933
4351.927246 0.000000 2387.089111 0.000000 0.420873 0.000000 -0.907120 0.295989 0.295989 0.295989
4371.771973 0.000000 2394.969238 0.000000 0.030355 0.000000 -0.999539 0.210460 0.210460 0.210460
4386.015137 0.000000 2392.839355 0.000000 0.709732 0.000000 -0.704471 0.205269 0.205269 0.205269
4386.735840 0.000000 2411.996826 0.000000 0.626501 0.000000 -0.779421 0.206203 0.206203 0.206203
4383.373535 0.000000 2415.776855 0.000000 0.230430 0.000000 -0.973089 0.235258 0.235258 0.235258
4354.069824 0.000000 2397.165527 0.000000 0.243966 0.000000 -0.969784 0.225750 0.225750 0.225750
4394.281250 0.000000 2414.555420 0.000000 0.454953 0.000000 -0.890515 0.222664 0.222664 0.222664
4372.821777 0.000000 2403.454834 0.000000 0.209615 0.000000 -0.977784 0.229172 0.229172 0.229172
4399.250488 0.000000 2401.324707 0.000000 0.795536 0.000000 -0.605907 0.257660 0.257660 0.257660
4385.128418 0.000000 2413.106934 0.000000 0.147254 0.000000 -0.989099 0.260815 0.260815 0.260815
4352.233887 0.000000 2385.787109 0.000000 0.705954 0.000000 -0.708258 0.278046 0.278046 0.278046
4358.164062 0.000000 2400.913574 0.000000 0.307010 0.000000 -0.951706 0.310650 0.310650 0.310650
4371.301758 0.000000 2391.912598 0.000000 0.541760 0.000000 -0.840533 0.262908 0.262908 0.262908
4395.008789 0.000000 2398.893311 0.000000 0.758341 0.000000 -0.651858 0.257742 0.257742 0.257742
4355.093750 0.000000 2402.413818 0.000000 0.772225 0.000000 -0.635349 0.265295 0.265295 0.265295
4355.798340 0.000000 2400.949951 0.000000 0.211652 0.000000 -0.977345 0.302483 0.302483 0.302483
4367.853516 0.000000 2387.081055 0.000000 0.287157 0.000000 -0.957883 0.303886 0.303886 0.303886
"}
