object={
	name="cypress_mediterranean_dense_generator_3_0"
	clamp_to_water_level=no
	render_under_water=no
	generated_content=yes
	layer="semidynamic_high"
	pdxmesh="tree_cypress_mediterranean_02_mesh"
	count=99
	transform="4351.314453 0.000000 2400.256592 0.000000 0.202563 0.000000 0.979269 0.223208 0.223208 0.223208
4348.561035 0.000000 2391.847656 0.000000 0.955161 0.000000 0.296087 0.272145 0.272145 0.272145
4347.427246 0.000000 2395.528564 0.000000 0.993725 0.000000 -0.111852 0.280353 0.280353 0.280353
4351.578613 0.000000 2398.126221 0.000000 0.976860 0.000000 0.213880 0.281017 0.281017 0.281017
4348.182617 0.000000 2398.353027 0.000000 0.919589 0.000000 -0.392881 0.293424 0.293424 0.293424
4348.393066 0.000000 2397.119141 0.000000 0.758510 0.000000 0.651662 0.284221 0.284221 0.284221
4347.312012 0.000000 2393.462891 0.000000 0.994989 0.000000 -0.099985 0.281312 0.281312 0.281312
4350.353027 0.000000 2399.807861 0.000000 0.337125 0.000000 0.941460 0.265546 0.265546 0.265546
4351.352051 0.000000 2394.037598 0.000000 0.287158 0.000000 0.957883 0.277719 0.277719 0.277719
4348.217285 0.000000 2393.932861 0.000000 0.568448 0.000000 0.822719 0.276972 0.276972 0.276972
4348.246094 0.000000 2395.066406 0.000000 0.875365 0.000000 0.483462 0.288700 0.288700 0.288700
4349.921875 0.000000 2394.309814 0.000000 0.569208 0.000000 0.822194 0.280941 0.280941 0.280941
4350.401855 0.000000 2392.621094 0.000000 0.800491 0.000000 0.599345 0.286890 0.286890 0.286890
4365.506836 0.000000 2408.158203 0.000000 0.426710 0.000000 0.904389 0.192468 0.192468 0.192468
4354.822754 0.000000 2406.311768 0.000000 0.996372 0.000000 0.085101 0.199409 0.199409 0.199409
4367.325195 0.000000 2407.352295 0.000000 0.831774 0.000000 -0.555114 0.217926 0.217926 0.217926
4360.280273 0.000000 2406.574707 0.000000 0.447539 0.000000 0.894264 0.206240 0.206240 0.206240
4364.617676 0.000000 2388.990967 0.000000 0.899595 0.000000 -0.436725 0.225556 0.225556 0.225556
4372.314941 0.000000 2399.249268 0.000000 0.497763 0.000000 0.867313 0.230491 0.230491 0.230491
4372.958984 0.000000 2398.013428 0.000000 0.460074 0.000000 0.887880 0.230031 0.230031 0.230031
4364.904785 0.000000 2399.826172 0.000000 0.114129 0.000000 0.993466 0.227575 0.227575 0.227575
4359.754395 0.000000 2402.310059 0.000000 0.401922 0.000000 0.915674 0.236771 0.236771 0.236771
4356.993652 0.000000 2396.526855 0.000000 0.056967 0.000000 0.998376 0.233125 0.233125 0.233125
4391.639160 0.000000 2399.416992 0.000000 0.126025 0.000000 0.992027 0.233452 0.233452 0.233452
4393.341797 0.000000 2400.993652 0.000000 0.708449 0.000000 0.705762 0.234378 0.234378 0.234378
4397.887207 0.000000 2411.575684 0.000000 0.115073 0.000000 0.993357 0.228064 0.228064 0.228064
4353.515137 0.000000 2401.528809 0.000000 0.967896 0.000000 -0.251353 0.253650 0.253650 0.253650
4373.042969 0.000000 2400.247559 0.000000 0.516085 0.000000 0.856537 0.241765 0.241765 0.241765
4386.421875 0.000000 2408.835693 0.000000 0.494775 0.000000 0.869021 0.240970 0.240970 0.240970
4386.136719 0.000000 2400.467529 0.000000 0.956236 0.000000 0.292597 0.261905 0.261905 0.261905
4375.342773 0.000000 2397.084229 0.000000 0.465013 0.000000 0.885304 0.256400 0.256400 0.256400
4357.319336 0.000000 2392.312256 0.000000 0.993383 0.000000 0.114849 0.263200 0.263200 0.263200
4358.969727 0.000000 2404.667969 0.000000 0.841938 0.000000 -0.539574 0.257317 0.257317 0.257317
4364.518066 0.000000 2400.934082 0.000000 0.598552 0.000000 0.801084 0.257580 0.257580 0.257580
4355.154785 0.000000 2393.095703 0.000000 0.945810 0.000000 -0.324721 0.269033 0.269033 0.269033
4384.590820 0.000000 2399.484619 0.000000 0.874569 0.000000 -0.484901 0.260114 0.260114 0.260114
4384.087402 0.000000 2412.462891 0.000000 0.228506 0.000000 0.973542 0.241410 0.241410 0.241410
4357.924316 0.000000 2387.983154 0.000000 0.317955 0.000000 0.948106 0.244019 0.244019 0.244019
4389.645508 0.000000 2408.123535 0.000000 0.995872 0.000000 0.090767 0.260743 0.260743 0.260743
4378.905273 0.000000 2405.916992 0.000000 0.896652 0.000000 0.442735 0.249112 0.249112 0.249112
4374.189453 0.000000 2401.346924 0.000000 0.997847 0.000000 -0.065587 0.265565 0.265565 0.265565
4373.500000 0.000000 2402.527588 0.000000 0.339296 0.000000 0.940680 0.244302 0.244302 0.244302
4388.052246 0.000000 2411.786865 0.000000 0.941737 0.000000 -0.336351 0.286648 0.286648 0.286648
4376.183105 0.000000 2394.031250 0.000000 0.905658 0.000000 -0.424009 0.262812 0.262812 0.262812
4394.652344 0.000000 2411.996338 0.000000 0.779726 0.000000 0.626121 0.255853 0.255853 0.255853
4375.987793 0.000000 2400.982178 0.000000 0.746214 0.000000 0.665706 0.255174 0.255174 0.255174
4352.016602 0.000000 2395.497070 0.000000 0.591270 0.000000 0.806474 0.267968 0.267968 0.267968
4355.739746 0.000000 2394.614502 0.000000 0.248894 0.000000 0.968531 0.250321 0.250321 0.250321
4389.641602 0.000000 2399.626221 0.000000 0.993697 0.000000 -0.112102 0.262774 0.262774 0.262774
4362.056641 0.000000 2395.990967 0.000000 0.992119 0.000000 0.125300 0.265272 0.265272 0.265272
4363.732910 0.000000 2394.655273 0.000000 0.949398 0.000000 0.314076 0.262688 0.262688 0.262688
4354.595215 0.000000 2399.979980 0.000000 0.158330 0.000000 0.987386 0.248603 0.248603 0.248603
4391.189453 0.000000 2410.302490 0.000000 0.568809 0.000000 0.822470 0.274999 0.274999 0.274999
4385.256836 0.000000 2409.190674 0.000000 0.832646 0.000000 0.553806 0.255977 0.255977 0.255977
4392.788086 0.000000 2411.731201 0.000000 0.861853 0.000000 -0.507159 0.299001 0.299001 0.299001
4352.030273 0.000000 2389.732910 0.000000 0.640307 0.000000 0.768119 0.282946 0.282946 0.282946
4380.799316 0.000000 2404.863525 0.000000 0.104321 0.000000 0.994544 0.274338 0.274338 0.274338
4372.380859 0.000000 2394.146973 0.000000 0.996853 0.000000 0.079271 0.289204 0.289204 0.289204
4390.235352 0.000000 2409.828369 0.000000 0.999821 0.000000 -0.018894 0.276181 0.276181 0.276181
4382.965820 0.000000 2401.833008 0.000000 0.984766 0.000000 0.173887 0.276701 0.276701 0.276701
4364.040527 0.000000 2391.116211 0.000000 0.230780 0.000000 0.973006 0.264321 0.264321 0.264321
4369.990723 0.000000 2399.579590 0.000000 0.997508 0.000000 0.070559 0.285456 0.285456 0.285456
4382.344238 0.000000 2399.002441 0.000000 0.944095 0.000000 -0.329673 0.276073 0.276073 0.276073
4383.795898 0.000000 2400.258057 0.000000 0.828053 0.000000 -0.560649 0.288027 0.288027 0.288027
4374.463867 0.000000 2396.586426 0.000000 0.784954 0.000000 0.619554 0.262192 0.262192 0.262192
4391.420898 0.000000 2403.847412 0.000000 0.949352 0.000000 0.314216 0.288585 0.288585 0.288585
4384.311035 0.000000 2405.109619 0.000000 0.736352 0.000000 0.676598 0.265776 0.265776 0.265776
4378.199707 0.000000 2400.491211 0.000000 0.984375 0.000000 -0.176083 0.300753 0.300753 0.300753
4393.240234 0.000000 2402.860352 0.000000 0.997624 0.000000 0.068888 0.298805 0.298805 0.298805
4360.681152 0.000000 2393.730469 0.000000 0.868308 0.000000 -0.496025 0.285720 0.285720 0.285720
4380.289062 0.000000 2396.547363 0.000000 0.981069 0.000000 0.193660 0.291729 0.291729 0.291729
4381.979492 0.000000 2400.547363 0.000000 0.969660 0.000000 0.244457 0.295737 0.295737 0.295737
4379.121094 0.000000 2399.657959 0.000000 0.328766 0.000000 0.944411 0.278284 0.278284 0.278284
4393.023438 0.000000 2407.921387 0.000000 0.989740 0.000000 0.142882 0.295885 0.295885 0.295885
4370.223633 0.000000 2395.496826 0.000000 0.295536 0.000000 0.955332 0.266781 0.266781 0.266781
4368.059082 0.000000 2394.847656 0.000000 0.766569 0.000000 0.642161 0.277246 0.277246 0.277246
4354.988770 0.000000 2388.750244 0.000000 0.352477 0.000000 0.935820 0.274901 0.274901 0.274901
4366.583984 0.000000 2393.558838 0.000000 0.720887 0.000000 0.693053 0.277187 0.277187 0.277187
4366.926270 0.000000 2396.159668 0.000000 0.684055 0.000000 0.729431 0.285765 0.285765 0.285765
4368.493164 0.000000 2402.446045 0.000000 0.402956 0.000000 0.915219 0.279480 0.279480 0.279480
4365.398926 0.000000 2395.037109 0.000000 0.890240 0.000000 -0.455491 0.308288 0.308288 0.308288
4378.912598 0.000000 2398.753174 0.000000 0.624639 0.000000 0.780914 0.284099 0.284099 0.284099
4366.938965 0.000000 2403.573730 0.000000 0.329122 0.000000 0.944287 0.278580 0.278580 0.278580
4364.908691 0.000000 2393.233154 0.000000 0.873683 0.000000 -0.486496 0.309190 0.309190 0.309190
4374.378418 0.000000 2394.131836 0.000000 0.933211 0.000000 -0.359328 0.291689 0.291689 0.291689
4361.084473 0.000000 2390.373779 0.000000 0.301130 0.000000 0.953583 0.278210 0.278210 0.278210
4380.412109 0.000000 2398.216309 0.000000 0.874186 0.000000 -0.485592 0.302169 0.302169 0.302169
4396.419434 0.000000 2409.098633 0.000000 0.385565 0.000000 0.922680 0.278880 0.278880 0.278880
4369.145020 0.000000 2401.324707 0.000000 0.691576 0.000000 0.722304 0.285118 0.285118 0.285118
4365.396973 0.000000 2395.978271 0.000000 0.955563 0.000000 -0.294786 0.305244 0.305244 0.305244
4366.183594 0.000000 2396.685547 0.000000 0.993173 0.000000 -0.116650 0.302036 0.302036 0.302036
4366.421875 0.000000 2394.592529 0.000000 0.006865 0.000000 0.999976 0.272591 0.272591 0.272591
4368.566406 0.000000 2403.526855 0.000000 0.538371 0.000000 0.842708 0.282209 0.282209 0.282209
4353.927246 0.000000 2389.848877 0.000000 0.874090 0.000000 -0.485763 0.306337 0.306337 0.306337
4395.233398 0.000000 2404.144775 0.000000 0.067387 0.000000 0.997727 0.273258 0.273258 0.273258
4396.460938 0.000000 2406.560059 0.000000 0.994259 0.000000 -0.106998 0.301907 0.301907 0.301907
4394.032227 0.000000 2408.467285 0.000000 0.820529 0.000000 -0.571604 0.311142 0.311142 0.311142
4366.566406 0.000000 2401.200195 0.000000 0.929926 0.000000 0.367746 0.293019 0.293019 0.293019
4366.848145 0.000000 2398.575439 0.000000 0.872592 0.000000 0.488451 0.290846 0.290846 0.290846
"}
object={
	name="cypress_mediterranean_dense_generator_3_1"
	clamp_to_water_level=no
	render_under_water=no
	generated_content=yes
	layer="semidynamic_high"
	pdxmesh="tree_cypress_mediterranean_01_mesh"
	count=47
	transform="4345.198730 0.000000 2399.079102 0.000000 0.298015 0.000000 -0.954561 0.239628 0.239628 0.239628
4350.499512 0.000000 2401.732422 0.000000 0.560534 0.000000 -0.828131 0.247283 0.247283 0.247283
4347.404785 0.000000 2396.587646 0.000000 0.515663 0.000000 -0.856791 0.297544 0.297544 0.297544
4346.567871 0.000000 2397.154053 0.000000 0.367061 0.000000 -0.930197 0.300039 0.300039 0.300039
4346.491699 0.000000 2395.075684 0.000000 0.535439 0.000000 -0.844574 0.293443 0.293443 0.293443
4350.394531 0.000000 2389.737549 0.000000 0.248705 0.000000 -0.968579 0.306438 0.306438 0.306438
4349.161621 0.000000 2396.614014 0.000000 0.575666 0.000000 -0.817685 0.312072 0.312072 0.312072
4349.060059 0.000000 2395.531006 0.000000 0.636902 0.000000 -0.770945 0.312026 0.312026 0.312026
4386.087402 0.000000 2397.398926 0.000000 0.728764 0.000000 -0.684765 0.220460 0.220460 0.220460
4389.967285 0.000000 2397.240967 0.000000 0.294168 0.000000 -0.955754 0.228431 0.228431 0.228431
4374.292480 0.000000 2403.764404 0.000000 0.530637 0.000000 -0.847599 0.258120 0.258120 0.258120
4361.525391 0.000000 2394.391602 0.000000 0.224632 0.000000 -0.974444 0.254235 0.254235 0.254235
4392.459473 0.000000 2401.863281 0.000000 0.447269 0.000000 -0.894399 0.254839 0.254839 0.254839
4362.576172 0.000000 2402.687500 0.000000 0.609195 0.000000 -0.793020 0.253990 0.253990 0.253990
4360.409180 0.000000 2387.163330 0.000000 0.326172 0.000000 -0.945310 0.269502 0.269502 0.269502
4378.203125 0.000000 2404.949707 0.000000 0.476740 0.000000 -0.879044 0.267523 0.267523 0.267523
4357.044922 0.000000 2403.220459 0.000000 0.565644 0.000000 -0.824649 0.271208 0.271208 0.271208
4383.082031 0.000000 2408.491455 0.000000 0.169361 0.000000 -0.985554 0.274660 0.274660 0.274660
4370.234375 0.000000 2403.806885 0.000000 0.504417 0.000000 -0.863460 0.281461 0.281461 0.281461
4386.942871 0.000000 2410.778564 0.000000 0.143830 0.000000 -0.989602 0.291148 0.291148 0.291148
4398.890137 0.000000 2408.598633 0.000000 0.693319 0.000000 -0.720631 0.288663 0.288663 0.288663
4383.979004 0.000000 2401.411621 0.000000 0.521277 0.000000 -0.853388 0.294313 0.294313 0.294313
4354.932617 0.000000 2396.504883 0.000000 0.611791 0.000000 -0.791019 0.283425 0.283425 0.283425
4376.998535 0.000000 2403.100586 0.000000 0.592955 0.000000 -0.805236 0.270790 0.270790 0.270790
4385.875488 0.000000 2407.106445 0.000000 0.711193 0.000000 -0.702997 0.277946 0.277946 0.277946
4359.536621 0.000000 2386.584961 0.000000 0.232890 0.000000 -0.972503 0.279620 0.279620 0.279620
4388.375977 0.000000 2409.608398 0.000000 0.743933 0.000000 -0.668255 0.271260 0.271260 0.271260
4389.165527 0.000000 2410.386475 0.000000 0.500038 0.000000 -0.866003 0.297188 0.297188 0.297188
4355.740234 0.000000 2399.916016 0.000000 0.633157 0.000000 -0.774023 0.279360 0.279360 0.279360
4363.538086 0.000000 2395.688721 0.000000 0.704752 0.000000 -0.709453 0.277460 0.277460 0.277460
4391.517090 0.000000 2407.031982 0.000000 0.606040 0.000000 -0.795434 0.289706 0.289706 0.289706
4361.402832 0.000000 2392.981934 0.000000 0.724693 0.000000 -0.689072 0.289237 0.289237 0.289237
4381.834473 0.000000 2405.079590 0.000000 0.771391 0.000000 -0.636361 0.311248 0.311248 0.311248
4368.178223 0.000000 2399.053467 0.000000 0.684651 0.000000 -0.728871 0.299262 0.299262 0.299262
4352.599609 0.000000 2399.897949 0.000000 0.524708 0.000000 -0.851282 0.296758 0.296758 0.296758
4368.803711 0.000000 2395.475098 0.000000 0.390725 0.000000 -0.920507 0.306664 0.306664 0.306664
4368.505371 0.000000 2396.472168 0.000000 0.748345 0.000000 -0.663309 0.296623 0.296623 0.296623
4353.727051 0.000000 2394.324951 0.000000 0.380620 0.000000 -0.924731 0.299819 0.299819 0.299819
4364.727539 0.000000 2394.360840 0.000000 0.692058 0.000000 -0.721842 0.314134 0.314134 0.314134
4360.505859 0.000000 2391.784180 0.000000 0.633833 0.000000 -0.773470 0.315233 0.315233 0.315233
4381.536133 0.000000 2403.138916 0.000000 0.296741 0.000000 -0.954958 0.322487 0.322487 0.322487
4380.763184 0.000000 2399.087646 0.000000 0.520632 0.000000 -0.853781 0.310651 0.310651 0.310651
4360.499023 0.000000 2388.670654 0.000000 0.587936 0.000000 -0.808907 0.314946 0.314946 0.314946
4382.477539 0.000000 2404.362061 0.000000 0.609119 0.000000 -0.793079 0.303290 0.303290 0.303290
4367.156250 0.000000 2395.157715 0.000000 0.485539 0.000000 -0.874215 0.318644 0.318644 0.318644
4397.417480 0.000000 2407.545166 0.000000 0.411260 0.000000 -0.911518 0.320402 0.320402 0.320402
4393.793945 0.000000 2404.517334 0.000000 0.048471 0.000000 -0.998825 0.327250 0.327250 0.327250
"}
