object={
	name="european_dynamic_forestry_objects_generator_2_0"
	clamp_to_water_level=no
	render_under_water=no
	generated_content=yes
	layer="forestry_dynamic"
	pdxmesh="generic_forestry_lumberpile_02_mesh"
	count=4
	transform="4356.032715 0.000000 2403.955322 0.000000 0.845498 0.000000 -0.533979 0.500000 0.500000 0.500000
4361.203613 0.000000 2408.044434 0.000000 0.994117 0.000000 -0.108309 0.500000 0.500000 0.500000
4353.017578 0.000000 2399.036865 0.000000 0.956651 0.000000 0.291238 0.500000 0.500000 0.500000
4358.724121 0.000000 2405.851318 0.000000 0.768360 0.000000 0.640018 0.500000 0.500000 0.500000
"}
