object={
	name="european_dynamic_mining_objects_generator_1_0"
	clamp_to_water_level=no
	render_under_water=no
	generated_content=yes
	layer="mines_dynamic"
	pdxmesh="generic_rural_mining_coaldepo_01_mesh"
	count=56
	transform="4383.334473 0.000000 2413.329102 0.000000 0.604899 0.000000 0.796302 0.000000 0.000000 0.000000
4375.371094 0.000000 2415.357666 0.000000 0.439259 0.000000 0.898360 0.000000 0.000000 0.000000
4369.939453 0.000000 2414.139404 0.000000 0.499545 0.000000 0.866288 0.000000 0.000000 0.000000
4381.392090 0.000000 2417.017090 0.000000 0.930512 0.000000 0.366262 0.000000 0.000000 0.000000
4371.991699 0.000000 2405.571289 0.000000 0.919784 0.000000 0.392426 1.000000 1.000000 1.000000
7710.953613 0.000000 2880.471191 0.000000 0.707386 0.000000 0.706827 0.000000 0.000000 0.000000
7701.934570 0.000000 2879.030762 0.000000 0.797196 0.000000 0.603720 0.000000 0.000000 0.000000
7701.705078 0.000000 2907.570801 0.000000 0.281945 0.000000 0.959431 0.000000 0.000000 0.000000
7703.491699 0.000000 2881.334717 0.000000 0.674434 0.000000 0.738336 0.000000 0.000000 0.000000
7716.045898 0.000000 2885.978027 0.000000 0.735109 0.000000 0.677949 0.000000 0.000000 0.000000
7699.007324 0.000000 2898.781494 0.000000 0.472553 0.000000 0.881302 0.000000 0.000000 0.000000
7720.763184 0.000000 2895.825195 0.000000 0.229535 0.000000 0.973300 0.000000 0.000000 0.000000
7715.991211 0.000000 2896.429688 0.000000 0.263907 0.000000 0.964548 0.000000 0.000000 0.000000
7698.817383 0.000000 2911.146973 0.000000 0.919337 0.000000 0.393472 0.000000 0.000000 0.000000
7714.015137 0.000000 2901.198730 0.000000 0.529890 0.000000 0.848067 0.000000 0.000000 0.000000
7720.974609 0.000000 2892.224609 0.000000 0.562610 0.000000 0.826723 0.000000 0.000000 0.000000
7698.190430 0.000000 2890.225342 0.000000 0.792087 0.000000 0.610408 1.000000 1.000000 1.000000
7706.987305 0.000000 2880.791992 0.000000 0.883342 0.000000 0.468729 0.000000 0.000000 0.000000
7697.664551 0.000000 2887.359131 0.000000 0.829135 0.000000 0.559049 0.000000 0.000000 0.000000
7710.961914 0.000000 2881.664551 0.000000 0.759108 0.000000 0.650964 0.000000 0.000000 0.000000
7710.952637 0.000000 2900.215332 0.000000 0.271488 0.000000 0.962442 1.000000 1.000000 1.000000
7707.635742 0.000000 2903.753418 0.000000 0.551457 0.000000 0.834203 1.000000 1.000000 1.000000
7702.782715 0.000000 2888.006592 0.000000 0.728745 0.000000 0.684785 1.000000 1.000000 1.000000
7703.068359 0.000000 2885.214355 0.000000 0.186131 0.000000 0.982525 1.000000 1.000000 1.000000
7703.408203 0.000000 2892.541260 0.000000 0.249825 0.000000 0.968291 0.000000 0.000000 0.000000
7704.535645 0.000000 2897.058105 0.000000 0.558658 0.000000 0.829398 1.000000 1.000000 1.000000
7699.894531 0.000000 2888.474854 0.000000 0.206823 0.000000 0.978378 1.000000 1.000000 1.000000
7966.236816 0.000000 3102.686035 0.000000 0.074467 0.000000 0.997223 0.000000 0.000000 0.000000
7997.248047 0.000000 3096.158203 0.000000 0.597984 0.000000 0.801508 0.000000 0.000000 0.000000
7999.586426 0.000000 3103.590820 0.000000 0.536300 0.000000 0.844027 0.000000 0.000000 0.000000
7970.932617 0.000000 3104.233154 0.000000 0.602092 0.000000 0.798426 0.000000 0.000000 0.000000
7977.322754 0.000000 3098.431885 0.000000 0.345661 0.000000 0.938359 0.000000 0.000000 0.000000
7966.953613 0.000000 3106.408691 0.000000 0.790131 0.000000 0.612938 0.000000 0.000000 0.000000
7971.689941 0.000000 3101.757812 0.000000 0.296046 0.000000 0.955174 0.000000 0.000000 0.000000
7981.516602 0.000000 3121.374023 0.000000 0.734360 0.000000 0.678761 1.000000 1.000000 1.000000
7985.519043 0.000000 3112.970215 0.000000 0.568215 0.000000 0.822880 0.000000 0.000000 0.000000
7984.541992 0.000000 3129.225830 0.000000 0.198553 0.000000 0.980090 0.000000 0.000000 0.000000
7997.292480 0.000000 3119.199707 0.000000 0.534364 0.000000 0.845255 0.000000 0.000000 0.000000
7980.062988 0.000000 3115.629639 0.000000 0.336453 0.000000 0.941700 0.000000 0.000000 0.000000
7986.584961 0.000000 3134.534912 0.000000 0.342608 0.000000 0.939478 0.000000 0.000000 0.000000
7957.668945 0.000000 3116.429443 0.000000 0.482588 0.000000 0.875848 1.000000 1.000000 1.000000
7976.015625 0.000000 3114.269287 0.000000 0.806473 0.000000 0.591270 0.000000 0.000000 0.000000
7981.375000 0.000000 3131.562256 0.000000 0.858552 0.000000 0.512727 0.000000 0.000000 0.000000
7976.974609 0.000000 3118.162109 0.000000 0.699277 0.000000 0.714851 1.000000 1.000000 1.000000
7984.918945 0.000000 3121.626709 0.000000 0.607072 0.000000 0.794647 0.000000 0.000000 0.000000
7971.104004 0.000000 3115.182617 0.000000 0.440126 0.000000 0.897936 1.000000 1.000000 1.000000
7988.463867 0.000000 3121.722412 0.000000 0.583623 0.000000 0.812025 0.000000 0.000000 0.000000
7983.537109 0.000000 3133.769043 0.000000 0.742941 0.000000 0.669356 0.000000 0.000000 0.000000
7995.100586 0.000000 3116.733398 0.000000 0.169075 0.000000 0.985603 0.000000 0.000000 0.000000
7961.706543 0.000000 3120.280029 0.000000 0.916882 0.000000 0.399159 0.000000 0.000000 0.000000
7989.566895 0.000000 3119.102783 0.000000 0.003426 0.000000 0.999994 0.000000 0.000000 0.000000
7996.013184 0.000000 3121.505371 0.000000 0.825662 0.000000 0.564165 0.000000 0.000000 0.000000
7958.077637 0.000000 3123.815186 0.000000 0.780418 0.000000 0.625258 0.000000 0.000000 0.000000
7983.339355 0.000000 3106.886719 0.000000 0.303647 0.000000 0.952785 1.000000 1.000000 1.000000
7979.095215 0.000000 3120.959229 0.000000 0.781668 0.000000 0.623695 1.000000 1.000000 1.000000
7997.251953 0.000000 3113.455078 0.000000 0.843371 0.000000 0.537331 1.000000 1.000000 1.000000
"}
object={
	name="european_dynamic_mining_objects_generator_1_1"
	clamp_to_water_level=no
	render_under_water=no
	generated_content=yes
	layer="mines_dynamic"
	pdxmesh="generic_rural_mining_coaldepo_02_mesh"
	count=61
	transform="4374.478027 0.000000 2407.237061 0.000000 0.939654 0.000000 0.342127 1.000000 1.000000 1.000000
4378.074219 0.000000 2402.860107 0.000000 0.982405 0.000000 0.186761 0.000000 0.000000 0.000000
4370.230469 0.000000 2410.379395 0.000000 0.902033 0.000000 -0.431667 1.000000 1.000000 1.000000
4381.422852 0.000000 2410.895508 0.000000 0.995086 0.000000 -0.099015 1.000000 1.000000 1.000000
4372.984863 0.000000 2409.541748 0.000000 0.952617 0.000000 0.304174 1.000000 1.000000 1.000000
4375.339844 0.000000 2404.751221 0.000000 0.960775 0.000000 -0.277329 1.000000 1.000000 1.000000
4375.935547 0.000000 2409.398926 0.000000 0.977397 0.000000 0.211414 1.000000 1.000000 1.000000
7700.968750 0.000000 2876.343750 0.000000 0.998064 0.000000 -0.062203 0.000000 0.000000 0.000000
7708.793945 0.000000 2883.544922 0.000000 0.999475 0.000000 -0.032391 1.000000 1.000000 1.000000
7698.127930 0.000000 2893.979248 0.000000 0.873633 0.000000 -0.486585 0.000000 0.000000 0.000000
7700.569336 0.000000 2886.089600 0.000000 0.985178 0.000000 -0.171535 1.000000 1.000000 1.000000
7695.272949 0.000000 2902.621582 0.000000 0.917051 0.000000 -0.398771 0.000000 0.000000 0.000000
7703.890625 0.000000 2899.760742 0.000000 0.949334 0.000000 -0.314268 1.000000 1.000000 1.000000
7710.530273 0.000000 2904.163086 0.000000 0.948742 0.000000 0.316051 0.000000 0.000000 0.000000
7694.873047 0.000000 2888.750244 0.000000 0.995805 0.000000 -0.091503 0.000000 0.000000 0.000000
7698.283691 0.000000 2881.835938 0.000000 0.932160 0.000000 -0.362047 0.000000 0.000000 0.000000
7706.364746 0.000000 2906.264404 0.000000 0.937309 0.000000 -0.348500 0.000000 0.000000 0.000000
7705.237793 0.000000 2886.862061 0.000000 0.905526 0.000000 -0.424291 0.000000 0.000000 0.000000
7699.771973 0.000000 2903.328613 0.000000 0.915080 0.000000 -0.403273 0.000000 0.000000 0.000000
7707.131348 0.000000 2896.824219 0.000000 0.955348 0.000000 0.295483 1.000000 1.000000 1.000000
7695.831543 0.000000 2884.875000 0.000000 0.996916 0.000000 -0.078472 0.000000 0.000000 0.000000
7709.530273 0.000000 2907.995605 0.000000 0.995791 0.000000 -0.091648 0.000000 0.000000 0.000000
7709.020508 0.000000 2893.533447 0.000000 0.940164 0.000000 0.340724 0.000000 0.000000 0.000000
7715.104004 0.000000 2889.245117 0.000000 0.996265 0.000000 -0.086350 0.000000 0.000000 0.000000
7718.337891 0.000000 2894.439209 0.000000 0.999830 0.000000 -0.018450 0.000000 0.000000 0.000000
7705.706543 0.000000 2894.342529 0.000000 0.876631 0.000000 -0.481163 1.000000 1.000000 1.000000
7705.283691 0.000000 2902.320801 0.000000 0.999752 0.000000 -0.022274 1.000000 1.000000 1.000000
7713.412109 0.000000 2895.660156 0.000000 0.853981 0.000000 -0.520303 1.000000 1.000000 1.000000
7698.128418 0.000000 2901.464844 0.000000 0.993634 0.000000 0.112653 1.000000 1.000000 1.000000
7973.982422 0.000000 3100.417969 0.000000 0.963806 0.000000 -0.266604 0.000000 0.000000 0.000000
7987.634277 0.000000 3092.884033 0.000000 0.974161 0.000000 0.225853 0.000000 0.000000 0.000000
7994.305176 0.000000 3094.137695 0.000000 0.900444 0.000000 -0.434971 0.000000 0.000000 0.000000
8004.458496 0.000000 3104.622314 0.000000 0.915988 0.000000 -0.401206 0.000000 0.000000 0.000000
7994.807129 0.000000 3113.295166 0.000000 0.938607 0.000000 0.344989 0.000000 0.000000 0.000000
7973.432617 0.000000 3117.667725 0.000000 0.999797 0.000000 0.020157 1.000000 1.000000 1.000000
7981.943359 0.000000 3108.995605 0.000000 0.961338 0.000000 -0.275372 0.000000 0.000000 0.000000
7997.212891 0.000000 3132.032471 0.000000 0.868223 0.000000 -0.496174 0.000000 0.000000 0.000000
7972.045898 0.000000 3111.915527 0.000000 0.990680 0.000000 0.136214 1.000000 1.000000 1.000000
7976.763184 0.000000 3121.762695 0.000000 1.000000 0.000000 0.000579 1.000000 1.000000 1.000000
7986.318359 0.000000 3106.846436 0.000000 0.983783 0.000000 -0.179362 0.000000 0.000000 0.000000
7997.524414 0.000000 3123.710449 0.000000 0.978117 0.000000 0.208054 0.000000 0.000000 0.000000
7963.131348 0.000000 3122.761719 0.000000 0.911428 0.000000 -0.411459 0.000000 0.000000 0.000000
7998.270020 0.000000 3111.072021 0.000000 0.957781 0.000000 0.287498 0.000000 0.000000 0.000000
7998.624512 0.000000 3115.460693 0.000000 0.893865 0.000000 -0.448335 0.000000 0.000000 0.000000
7968.618164 0.000000 3110.006348 0.000000 0.999257 0.000000 -0.038530 1.000000 1.000000 1.000000
7983.663086 0.000000 3116.652588 0.000000 0.956391 0.000000 -0.292088 1.000000 1.000000 1.000000
7954.190430 0.000000 3116.162842 0.000000 0.996645 0.000000 -0.081850 0.000000 0.000000 0.000000
7978.288574 0.000000 3129.788330 0.000000 0.962880 0.000000 0.269928 0.000000 0.000000 0.000000
7977.676758 0.000000 3124.707520 0.000000 0.968343 0.000000 -0.249625 1.000000 1.000000 1.000000
7994.462402 0.000000 3123.710693 0.000000 0.835582 0.000000 -0.549366 0.000000 0.000000 0.000000
7980.194824 0.000000 3118.718018 0.000000 0.935652 0.000000 -0.352925 1.000000 1.000000 1.000000
7984.746582 0.000000 3109.878174 0.000000 0.999217 0.000000 0.039564 0.000000 0.000000 0.000000
7966.961914 0.000000 3107.602051 0.000000 0.919980 0.000000 -0.391966 0.000000 0.000000 0.000000
7956.094727 0.000000 3122.041504 0.000000 0.979396 0.000000 0.201949 0.000000 0.000000 0.000000
7966.608887 0.000000 3112.180176 0.000000 0.995941 0.000000 0.090007 0.000000 0.000000 0.000000
7956.832520 0.000000 3119.220215 0.000000 0.963893 0.000000 0.266289 1.000000 1.000000 1.000000
7983.447754 0.000000 3119.326416 0.000000 0.999899 0.000000 0.014198 1.000000 1.000000 1.000000
7959.408203 0.000000 3118.478760 0.000000 0.985381 0.000000 0.170366 1.000000 1.000000 1.000000
7981.942871 0.000000 3128.581543 0.000000 0.969235 0.000000 0.246137 0.000000 0.000000 0.000000
7973.463867 0.000000 3114.246094 0.000000 0.997660 0.000000 -0.068372 1.000000 1.000000 1.000000
8000.514160 0.000000 3122.721436 0.000000 0.986276 0.000000 -0.165107 0.000000 0.000000 0.000000
"}
object={
	name="european_dynamic_mining_objects_generator_1_2"
	clamp_to_water_level=no
	render_under_water=no
	generated_content=yes
	layer="mines_dynamic"
	pdxmesh="generic_rural_mining_pile_01_mesh"
	count=9
	transform="4377.916992 0.000000 2417.109863 0.000000 0.801895 0.000000 -0.597464 0.000000 0.000000 0.000000
7705.505859 0.000000 2877.990479 0.000000 0.768663 0.000000 -0.639654 0.000000 0.000000 0.000000
7711.453613 0.000000 2897.433350 0.000000 0.685597 0.000000 -0.727982 1.000000 1.000000 1.000000
7701.668945 0.000000 2890.491943 0.000000 0.716269 0.000000 -0.697824 1.000000 1.000000 1.000000
7707.932617 0.000000 2900.972656 0.000000 0.812768 0.000000 -0.582588 1.000000 1.000000 1.000000
7969.947754 0.000000 3099.629883 0.000000 0.743127 0.000000 -0.669151 0.000000 0.000000 0.000000
7997.032715 0.000000 3128.828613 0.000000 0.710789 0.000000 -0.703405 0.000000 0.000000 0.000000
8002.396484 0.000000 3108.502686 0.000000 0.791171 0.000000 -0.611596 0.000000 0.000000 0.000000
8001.017578 0.000000 3133.333740 0.000000 0.774395 0.000000 -0.632703 0.000000 0.000000 0.000000
"}
object={
	name="european_dynamic_mining_objects_generator_1_3"
	clamp_to_water_level=no
	render_under_water=no
	generated_content=yes
	layer="mines_dynamic"
	pdxmesh="generic_rural_mining_pile_02_mesh"
	count=10
	transform="7715.200195 0.000000 2893.500000 0.000000 0.517252 0.000000 -0.855833 1.000000 1.000000 1.000000
7702.077637 0.000000 2897.877686 0.000000 0.468002 0.000000 -0.883727 0.000000 0.000000 0.000000
7717.463867 0.000000 2888.308594 0.000000 0.514324 0.000000 -0.857596 0.000000 0.000000 0.000000
7954.127930 0.000000 3119.916748 0.000000 0.506582 0.000000 -0.862192 0.000000 0.000000 0.000000
7956.569336 0.000000 3112.027100 0.000000 0.560109 0.000000 -0.828419 0.000000 0.000000 0.000000
7959.890625 0.000000 3125.698242 0.000000 0.656849 0.000000 -0.754022 0.000000 0.000000 0.000000
7974.893555 0.000000 3126.087891 0.000000 0.481973 0.000000 -0.876186 0.000000 0.000000 0.000000
7983.145508 0.000000 3124.788574 0.000000 0.559414 0.000000 -0.828888 0.000000 0.000000 0.000000
7994.028320 0.000000 3119.739258 0.000000 0.482466 0.000000 -0.875915 0.000000 0.000000 0.000000
7969.491699 0.000000 3112.535889 0.000000 0.531053 0.000000 -0.847339 1.000000 1.000000 1.000000
"}
object={
	name="european_dynamic_mining_objects_generator_1_4"
	clamp_to_water_level=no
	render_under_water=no
	generated_content=yes
	layer="mines_dynamic"
	pdxmesh="generic_rural_mining_entrance_01_mesh"
	count=18
	transform="7698.579102 0.000000 2879.407715 0.000000 0.430521 0.000000 -0.902580 0.000000 0.000000 0.000000
7712.426758 0.000000 2893.140869 0.000000 0.254530 0.000000 -0.967065 0.000000 0.000000 0.000000
7703.293457 0.000000 2904.267822 0.000000 0.396236 0.000000 -0.918149 1.000000 1.000000 1.000000
7700.994629 0.000000 2883.255859 0.000000 0.424124 0.000000 -0.905604 0.000000 0.000000 0.000000
7696.186523 0.000000 2899.854492 0.000000 0.265960 0.000000 -0.963984 0.000000 0.000000 0.000000
7701.235840 0.000000 2900.564209 0.000000 0.442445 0.000000 -0.896795 1.000000 1.000000 1.000000
7708.928223 0.000000 2898.583252 0.000000 0.305062 0.000000 -0.952332 1.000000 1.000000 1.000000
7978.009766 0.000000 3105.093018 0.000000 0.402300 0.000000 -0.915508 0.000000 0.000000 0.000000
7984.023926 0.000000 3102.691162 0.000000 0.325626 0.000000 -0.945499 0.000000 0.000000 0.000000
8000.156738 0.000000 3105.056396 0.000000 0.320307 0.000000 -0.947314 0.000000 0.000000 0.000000
7964.793945 0.000000 3109.482422 0.000000 0.347287 0.000000 -0.937759 0.000000 0.000000 0.000000
7999.958008 0.000000 3127.539551 0.000000 0.347394 0.000000 -0.937719 0.000000 0.000000 0.000000
7970.900879 0.000000 3106.705322 0.000000 0.417818 0.000000 -0.908531 0.000000 0.000000 0.000000
7980.083496 0.000000 3126.701660 0.000000 0.393432 0.000000 -0.919354 0.000000 0.000000 0.000000
7958.937012 0.000000 3121.067871 0.000000 0.333986 0.000000 -0.942578 1.000000 1.000000 1.000000
7982.042969 0.000000 3112.495361 0.000000 0.290278 0.000000 -0.956942 0.000000 0.000000 0.000000
7977.128906 0.000000 3127.506348 0.000000 0.419902 0.000000 -0.907569 1.000000 1.000000 1.000000
7960.535645 0.000000 3122.995605 0.000000 0.426452 0.000000 -0.904510 1.000000 1.000000 1.000000
"}
object={
	name="european_dynamic_mining_objects_generator_1_5"
	clamp_to_water_level=no
	render_under_water=no
	generated_content=yes
	layer="mines_dynamic"
	pdxmesh="generic_rural_mining_entrance_02_mesh"
	count=17
	transform="4376.572266 0.000000 2411.808105 0.000000 0.078271 0.000000 -0.996932 1.000000 1.000000 1.000000
7717.432617 0.000000 2891.730225 0.000000 0.114427 0.000000 -0.993432 1.000000 1.000000 1.000000
7702.937012 0.000000 2895.130371 0.000000 0.175456 0.000000 -0.984487 0.000000 0.000000 0.000000
7712.618164 0.000000 2884.068848 0.000000 0.165767 0.000000 -0.986165 0.000000 0.000000 0.000000
7705.661133 0.000000 2883.769287 0.000000 0.186742 0.000000 -0.982409 0.000000 0.000000 0.000000
7700.094727 0.000000 2896.104004 0.000000 0.234537 0.000000 -0.972107 0.000000 0.000000 0.000000
7698.498535 0.000000 2884.521240 0.000000 0.112269 0.000000 -0.993678 1.000000 1.000000 1.000000
7984.205566 0.000000 3106.614990 0.000000 0.122954 0.000000 -0.992412 0.000000 0.000000 0.000000
7997.507812 0.000000 3099.933105 0.000000 0.215466 0.000000 -0.976511 0.000000 0.000000 0.000000
7987.402344 0.000000 3104.123535 0.000000 0.149977 0.000000 -0.988690 0.000000 0.000000 0.000000
7981.386719 0.000000 3104.863281 0.000000 0.179516 0.000000 -0.983755 1.000000 1.000000 1.000000
7986.789551 0.000000 3118.728027 0.000000 0.064380 0.000000 -0.997925 1.000000 1.000000 1.000000
7955.007324 0.000000 3124.718994 0.000000 0.029353 0.000000 -0.999569 0.000000 0.000000 0.000000
7963.932617 0.000000 3126.910156 0.000000 0.101048 0.000000 -0.994882 0.000000 0.000000 0.000000
7974.337891 0.000000 3120.376709 0.000000 0.099636 0.000000 -0.995024 1.000000 1.000000 1.000000
7980.352051 0.000000 3123.901611 0.000000 0.168713 0.000000 -0.985665 1.000000 1.000000 1.000000
7974.385742 0.000000 3123.485596 0.000000 0.225485 0.000000 -0.974247 1.000000 1.000000 1.000000
"}
