object={
	name="oak_dense_generator_2_0"
	clamp_to_water_level=no
	render_under_water=no
	generated_content=yes
	layer="semidynamic_medium"
	pdxmesh="oak_tree_01_mesh"
	count=42
	transform="4347.211426 0.000000 2401.961914 0.000000 0.434381 0.000000 0.900729 0.384825 0.384825 0.384825
4348.013184 0.000000 2387.208496 0.000000 0.534833 0.000000 0.844958 0.385024 0.385024 0.385024
4331.071777 0.000000 2382.922363 0.000000 0.382609 0.000000 0.923910 0.378763 0.378763 0.378763
4344.654297 0.000000 2389.556641 0.000000 0.554352 0.000000 0.832282 0.383063 0.383063 0.383063
4345.112305 0.000000 2378.934082 0.000000 0.023225 0.000000 0.999730 0.371410 0.371410 0.371410
4350.383301 0.000000 2393.510254 0.000000 0.109979 0.000000 0.993934 0.367765 0.367765 0.367765
4350.321777 0.000000 2390.676025 0.000000 0.361020 0.000000 0.932558 0.371265 0.371265 0.371265
4341.096191 0.000000 2397.412109 0.000000 0.181546 0.000000 0.983383 0.365411 0.365411 0.365411
4331.132812 0.000000 2387.710693 0.000000 0.300137 0.000000 0.953896 0.367952 0.367952 0.367952
4343.062500 0.000000 2479.845703 0.000000 0.211729 0.000000 0.977328 0.381090 0.381090 0.381090
4351.697754 0.000000 2473.552246 0.000000 0.150181 0.000000 0.988659 0.378729 0.378729 0.378729
4356.189941 0.000000 2417.507080 0.000000 0.215151 0.000000 0.976581 0.378434 0.378434 0.378434
4374.981445 0.000000 2400.568359 0.000000 0.271791 0.000000 0.962356 0.375677 0.375677 0.375677
4363.377441 0.000000 2391.887207 0.000000 0.524412 0.000000 0.851465 0.381789 0.381789 0.381789
4372.575195 0.000000 2390.847900 0.000000 0.194360 0.000000 0.980930 0.375624 0.375624 0.375624
4399.286621 0.000000 2374.117188 0.000000 0.155458 0.000000 0.987843 0.372805 0.372805 0.372805
4372.314941 0.000000 2399.249268 0.000000 0.497763 0.000000 0.867313 0.379505 0.379505 0.379505
4399.546387 0.000000 2378.691162 0.000000 0.032868 0.000000 0.999460 0.361528 0.361528 0.361528
4372.958984 0.000000 2398.013428 0.000000 0.460074 0.000000 0.887880 0.378667 0.378667 0.378667
4364.904785 0.000000 2399.826172 0.000000 0.114129 0.000000 0.993466 0.365385 0.365385 0.365385
4373.042969 0.000000 2400.247559 0.000000 0.516085 0.000000 0.856537 0.376582 0.376582 0.376582
4400.795410 0.000000 2382.368652 0.000000 0.256933 0.000000 0.966429 0.367795 0.367795 0.367795
4355.820801 0.000000 2442.633545 0.000000 0.155356 0.000000 0.987859 0.380149 0.380149 0.380149
4412.013184 0.000000 2443.692871 0.000000 0.460173 0.000000 0.887829 0.383143 0.383143 0.383143
4399.085449 0.000000 2467.656250 0.000000 0.062726 0.000000 0.998031 0.376357 0.376357 0.376357
4352.597656 0.000000 2449.295410 0.000000 0.002133 0.000000 0.999998 0.374466 0.374466 0.374466
4414.913574 0.000000 2474.866699 0.000000 0.190855 0.000000 0.981618 0.372532 0.372532 0.372532
4413.976074 0.000000 2469.513916 0.000000 0.525662 0.000000 0.850694 0.378260 0.378260 0.378260
4414.871094 0.000000 2472.338623 0.000000 0.137499 0.000000 0.990502 0.370309 0.370309 0.370309
4410.590332 0.000000 2471.382568 0.000000 0.104562 0.000000 0.994518 0.367279 0.367279 0.367279
4411.996582 0.000000 2436.097168 0.000000 0.213366 0.000000 0.976972 0.370823 0.370823 0.370823
4408.311035 0.000000 2473.480225 0.000000 0.287465 0.000000 0.957791 0.373621 0.373621 0.373621
4413.398438 0.000000 2471.641113 0.000000 0.304580 0.000000 0.952487 0.372479 0.372479 0.372479
4418.356934 0.000000 2433.726318 0.000000 0.382003 0.000000 0.924161 0.383166 0.383166 0.383166
4418.575684 0.000000 2469.955078 0.000000 0.569034 0.000000 0.822314 0.385297 0.385297 0.385297
4418.944824 0.000000 2446.224121 0.000000 0.233432 0.000000 0.972373 0.378933 0.378933 0.378933
4420.189941 0.000000 2473.991455 0.000000 0.422538 0.000000 0.906345 0.378813 0.378813 0.378813
4416.588379 0.000000 2481.130615 0.000000 0.444687 0.000000 0.895686 0.381600 0.381600 0.381600
4418.209961 0.000000 2439.603027 0.000000 0.520804 0.000000 0.853676 0.380385 0.380385 0.380385
4423.959473 0.000000 2478.086914 0.000000 0.195179 0.000000 0.980768 0.365002 0.365002 0.365002
4417.519531 0.000000 2476.371826 0.000000 0.285252 0.000000 0.958453 0.367494 0.367494 0.367494
4419.040527 0.000000 2476.873779 0.000000 0.333594 0.000000 0.942717 0.368661 0.368661 0.368661
"}
object={
	name="oak_dense_generator_2_1"
	clamp_to_water_level=no
	render_under_water=no
	generated_content=yes
	layer="semidynamic_medium"
	pdxmesh="oak_tree_02_mesh"
	count=49
	transform="4339.863281 0.000000 2396.716553 0.000000 0.930818 0.000000 0.365484 0.394750 0.394750 0.394750
4345.814453 0.000000 2391.186279 0.000000 0.821005 0.000000 0.570921 0.390170 0.390170 0.390170
4347.262207 0.000000 2394.479736 0.000000 0.845532 0.000000 0.533925 0.390579 0.390579 0.390579
4330.439941 0.000000 2384.567627 0.000000 0.688703 0.000000 0.725043 0.379346 0.379346 0.379346
4342.848633 0.000000 2394.856445 0.000000 0.751874 0.000000 0.659307 0.385334 0.385334 0.385334
4351.116211 0.000000 2392.093506 0.000000 0.624808 0.000000 0.780778 0.380228 0.380228 0.380228
4349.039062 0.000000 2390.684814 0.000000 0.910222 0.000000 0.414120 0.389554 0.389554 0.389554
4332.345703 0.000000 2383.060303 0.000000 0.702643 0.000000 0.711543 0.384425 0.384425 0.384425
4333.442383 0.000000 2384.106689 0.000000 0.784390 0.000000 0.620268 0.382962 0.382962 0.382962
4343.424805 0.000000 2396.612793 0.000000 0.719158 0.000000 0.694847 0.380438 0.380438 0.380438
4341.144531 0.000000 2381.664795 0.000000 0.750455 0.000000 0.660921 0.384209 0.384209 0.384209
4350.282715 0.000000 2388.464600 0.000000 0.779557 0.000000 0.626331 0.384758 0.384758 0.384758
4337.758301 0.000000 2384.595215 0.000000 0.890065 0.000000 0.455834 0.389176 0.389176 0.389176
4347.003418 0.000000 2474.837891 0.000000 0.928915 0.000000 0.370292 0.394166 0.394166 0.394166
4379.443848 0.000000 2404.608643 0.000000 0.772293 0.000000 0.635267 0.389448 0.389448 0.389448
4396.016602 0.000000 2374.092285 0.000000 0.641367 0.000000 0.767234 0.384848 0.384848 0.384848
4399.105469 0.000000 2375.905029 0.000000 0.591020 0.000000 0.806657 0.381959 0.381959 0.381959
4377.336426 0.000000 2410.342041 0.000000 0.945039 0.000000 0.326958 0.392832 0.392832 0.392832
4363.761719 0.000000 2396.753418 0.000000 0.678411 0.000000 0.734682 0.384879 0.384879 0.384879
4354.597656 0.000000 2385.808838 0.000000 0.730242 0.000000 0.683189 0.384791 0.384791 0.384791
4379.906250 0.000000 2410.758057 0.000000 0.694740 0.000000 0.719261 0.382324 0.382324 0.382324
4418.311035 0.000000 2408.954834 0.000000 0.946797 0.000000 0.321831 0.395059 0.395059 0.395059
4416.525879 0.000000 2409.646729 0.000000 0.736264 0.000000 0.676694 0.387716 0.387716 0.387716
4393.260742 0.000000 2473.050293 0.000000 0.895563 0.000000 0.444935 0.393922 0.393922 0.393922
4399.917480 0.000000 2465.610107 0.000000 0.694649 0.000000 0.719349 0.388856 0.388856 0.388856
4378.245605 0.000000 2447.340088 0.000000 0.902786 0.000000 0.430091 0.393318 0.393318 0.393318
4415.025879 0.000000 2478.193359 0.000000 0.746406 0.000000 0.665491 0.387348 0.387348 0.387348
4400.927734 0.000000 2473.843994 0.000000 0.774008 0.000000 0.633176 0.385998 0.385998 0.385998
4413.505859 0.000000 2436.904541 0.000000 0.691846 0.000000 0.722045 0.383927 0.383927 0.383927
4411.628418 0.000000 2472.503662 0.000000 0.850259 0.000000 0.526364 0.388016 0.388016 0.388016
4409.239746 0.000000 2472.157471 0.000000 0.859306 0.000000 0.511462 0.388929 0.388929 0.388929
4413.552246 0.000000 2438.141357 0.000000 0.855944 0.000000 0.517068 0.387030 0.387030 0.387030
4412.196777 0.000000 2438.598145 0.000000 0.858287 0.000000 0.513170 0.387139 0.387139 0.387139
4414.436523 0.000000 2439.350342 0.000000 0.833678 0.000000 0.552251 0.386270 0.386270 0.386270
4410.012207 0.000000 2439.157959 0.000000 0.732884 0.000000 0.680354 0.380946 0.380946 0.380946
4421.464844 0.000000 2433.610107 0.000000 0.681545 0.000000 0.731776 0.388687 0.388687 0.388687
4428.457520 0.000000 2480.604004 0.000000 0.922615 0.000000 0.385723 0.394207 0.394207 0.394207
4416.712402 0.000000 2447.049072 0.000000 0.950207 0.000000 0.311620 0.394984 0.394984 0.394984
4426.234863 0.000000 2476.273926 0.000000 0.831720 0.000000 0.555195 0.389390 0.389390 0.389390
4426.618164 0.000000 2480.271484 0.000000 0.781491 0.000000 0.623917 0.388831 0.388831 0.388831
4419.095703 0.000000 2444.278320 0.000000 0.859465 0.000000 0.511194 0.390409 0.390409 0.390409
4416.233887 0.000000 2442.271484 0.000000 0.680106 0.000000 0.733114 0.382045 0.382045 0.382045
4426.331055 0.000000 2474.164551 0.000000 0.912705 0.000000 0.408619 0.392602 0.392602 0.392602
4418.657715 0.000000 2473.590576 0.000000 0.669325 0.000000 0.742970 0.384360 0.384360 0.384360
4425.995605 0.000000 2477.669189 0.000000 0.945328 0.000000 0.326120 0.393133 0.393133 0.393133
4416.743652 0.000000 2479.748779 0.000000 0.843247 0.000000 0.537526 0.386115 0.386115 0.386115
4416.649414 0.000000 2443.743164 0.000000 0.931540 0.000000 0.363638 0.391879 0.391879 0.391879
4417.343750 0.000000 2442.141602 0.000000 0.764967 0.000000 0.644070 0.384730 0.384730 0.384730
4420.485840 0.000000 2476.178467 0.000000 0.853665 0.000000 0.520823 0.386050 0.386050 0.386050
"}
object={
	name="oak_dense_generator_2_2"
	clamp_to_water_level=no
	render_under_water=no
	generated_content=yes
	layer="semidynamic_medium"
	pdxmesh="oak_tree_03_mesh"
	count=35
	transform="4344.346680 0.000000 2394.544678 0.000000 0.956309 0.000000 0.292357 0.395600 0.395600 0.395600
4345.678223 0.000000 2387.465332 0.000000 0.994557 0.000000 -0.104191 0.401657 0.401657 0.401657
4337.237305 0.000000 2385.550293 0.000000 0.983452 0.000000 0.181171 0.395834 0.395834 0.395834
4342.908203 0.000000 2384.217773 0.000000 0.998448 0.000000 0.055698 0.398639 0.398639 0.398639
4343.696777 0.000000 2381.629639 0.000000 0.999609 0.000000 -0.027970 0.400712 0.400712 0.400712
4331.277832 0.000000 2385.356445 0.000000 0.998478 0.000000 0.055156 0.398595 0.398595 0.398595
4348.561035 0.000000 2391.847656 0.000000 0.955161 0.000000 0.296087 0.392646 0.392646 0.392646
4343.309570 0.000000 2380.589355 0.000000 0.999643 0.000000 -0.026717 0.400680 0.400680 0.400680
4346.305176 0.000000 2472.809570 0.000000 0.971126 0.000000 -0.238567 0.403440 0.403440 0.403440
4350.970703 0.000000 2451.484131 0.000000 0.972921 0.000000 0.231139 0.396203 0.396203 0.396203
4347.262207 0.000000 2450.964111 0.000000 0.972321 0.000000 -0.233648 0.403839 0.403839 0.403839
4357.729492 0.000000 2414.372559 0.000000 0.998259 0.000000 0.058977 0.399051 0.399051 0.399051
4413.282227 0.000000 2416.299072 0.000000 0.984774 0.000000 0.173841 0.397295 0.397295 0.397295
4371.835449 0.000000 2393.230713 0.000000 0.994351 0.000000 0.106146 0.398205 0.398205 0.398205
4377.935547 0.000000 2412.746338 0.000000 0.999732 0.000000 0.023136 0.399551 0.399551 0.399551
4398.633301 0.000000 2377.059570 0.000000 0.991550 0.000000 0.129728 0.396837 0.396837 0.396837
4378.672852 0.000000 2410.619141 0.000000 0.999640 0.000000 0.026836 0.399409 0.399409 0.399409
4404.003906 0.000000 2432.155762 0.000000 0.980296 0.000000 -0.197534 0.402730 0.402730 0.402730
4354.944824 0.000000 2446.224121 0.000000 0.982759 0.000000 -0.184892 0.402841 0.402841 0.402841
4401.031738 0.000000 2475.166748 0.000000 0.982979 0.000000 -0.183718 0.402795 0.402795 0.402795
4407.867676 0.000000 2476.059814 0.000000 0.951780 0.000000 -0.306782 0.404780 0.404780 0.404780
4409.206055 0.000000 2438.454590 0.000000 0.999741 0.000000 -0.022774 0.400547 0.400547 0.400547
4404.695312 0.000000 2475.800293 0.000000 0.999992 0.000000 -0.003910 0.400074 0.400074 0.400074
4412.027344 0.000000 2473.710449 0.000000 0.958968 0.000000 -0.283516 0.406057 0.406057 0.406057
4428.083496 0.000000 2474.342041 0.000000 0.953436 0.000000 0.301594 0.395396 0.395396 0.395396
4423.213379 0.000000 2467.028076 0.000000 0.975097 0.000000 -0.221778 0.403238 0.403238 0.403238
4416.850586 0.000000 2469.392822 0.000000 0.974363 0.000000 0.224981 0.396250 0.396250 0.396250
4419.049316 0.000000 2441.098877 0.000000 0.973422 0.000000 0.229020 0.394831 0.394831 0.394831
4420.635742 0.000000 2441.230957 0.000000 0.998700 0.000000 0.050981 0.399104 0.399104 0.399104
4418.970703 0.000000 2438.275879 0.000000 0.996440 0.000000 0.084307 0.398382 0.398382 0.398382
4416.421387 0.000000 2472.351318 0.000000 0.951383 0.000000 -0.308012 0.406504 0.406504 0.406504
4422.966309 0.000000 2476.697998 0.000000 0.981302 0.000000 0.192475 0.395203 0.395203 0.395203
4421.217285 0.000000 2476.977051 0.000000 0.964351 0.000000 0.264628 0.393180 0.393180 0.393180
4416.213379 0.000000 2440.929688 0.000000 0.999848 0.000000 -0.017431 0.400442 0.400442 0.400442
4417.670898 0.000000 2478.748779 0.000000 0.954970 0.000000 -0.296701 0.407370 0.407370 0.407370
"}
object={
	name="oak_dense_generator_2_3"
	clamp_to_water_level=no
	render_under_water=no
	generated_content=yes
	layer="semidynamic_medium"
	pdxmesh="oak_tree_04_mesh"
	count=54
	transform="4346.637207 0.000000 2399.277344 0.000000 0.596997 0.000000 -0.802244 0.413342 0.413342 0.413342
4347.993164 0.000000 2388.887451 0.000000 0.759100 0.000000 -0.650974 0.411893 0.411893 0.411893
4343.353516 0.000000 2379.487549 0.000000 0.850671 0.000000 -0.525699 0.411387 0.411387 0.411387
4332.311035 0.000000 2385.932861 0.000000 0.722670 0.000000 -0.691194 0.419433 0.419433 0.419433
4343.129883 0.000000 2398.937012 0.000000 0.891683 0.000000 -0.452661 0.409734 0.409734 0.409734
4342.395020 0.000000 2382.406982 0.000000 0.644291 0.000000 -0.764781 0.422172 0.422172 0.422172
4349.255859 0.000000 2393.433594 0.000000 0.786637 0.000000 -0.617415 0.414487 0.414487 0.414487
4340.250488 0.000000 2382.244385 0.000000 0.890545 0.000000 -0.454895 0.412026 0.412026 0.412026
4338.345703 0.000000 2385.459473 0.000000 0.757869 0.000000 -0.652406 0.418099 0.418099 0.418099
4350.419434 0.000000 2470.975342 0.000000 0.851055 0.000000 -0.525077 0.407646 0.407646 0.407646
4351.976562 0.000000 2479.443604 0.000000 0.860581 0.000000 -0.509314 0.407845 0.407845 0.407845
4355.837402 0.000000 2395.905762 0.000000 0.899009 0.000000 -0.437931 0.406224 0.406224 0.406224
4405.566895 0.000000 2384.805908 0.000000 0.631719 0.000000 -0.775198 0.412977 0.412977 0.412977
4369.436523 0.000000 2396.212891 0.000000 0.748648 0.000000 -0.662968 0.411218 0.411218 0.411218
4366.389160 0.000000 2405.728516 0.000000 0.856884 0.000000 -0.515509 0.408059 0.408059 0.408059
4399.339355 0.000000 2372.589844 0.000000 0.603418 0.000000 -0.797425 0.413734 0.413734 0.413734
4357.141602 0.000000 2397.850098 0.000000 0.949094 0.000000 -0.314993 0.404880 0.404880 0.404880
4400.914551 0.000000 2389.527344 0.000000 0.758358 0.000000 -0.651838 0.410990 0.410990 0.410990
4396.442383 0.000000 2378.856445 0.000000 0.677612 0.000000 -0.735420 0.416338 0.416338 0.416338
4353.993652 0.000000 2395.793701 0.000000 0.864743 0.000000 -0.502214 0.410587 0.410587 0.410587
4398.601562 0.000000 2379.446289 0.000000 0.935738 0.000000 -0.352696 0.409017 0.409017 0.409017
4353.121582 0.000000 2389.452148 0.000000 0.801917 0.000000 -0.597436 0.414866 0.414866 0.414866
4417.726074 0.000000 2415.248291 0.000000 0.861281 0.000000 -0.508129 0.408729 0.408729 0.408729
4416.850586 0.000000 2412.908447 0.000000 0.635571 0.000000 -0.772042 0.415194 0.415194 0.415194
4414.270020 0.000000 2433.259521 0.000000 0.846361 0.000000 -0.532609 0.407544 0.407544 0.407544
4358.424805 0.000000 2449.188232 0.000000 0.917132 0.000000 -0.398583 0.405547 0.405547 0.405547
4379.635742 0.000000 2451.878418 0.000000 0.624705 0.000000 -0.780861 0.413154 0.413154 0.413154
4377.283691 0.000000 2450.445801 0.000000 0.809967 0.000000 -0.586475 0.409137 0.409137 0.409137
4397.537598 0.000000 2469.217773 0.000000 0.896469 0.000000 -0.443107 0.407197 0.407197 0.407197
4415.416504 0.000000 2436.053223 0.000000 0.637448 0.000000 -0.770493 0.416514 0.416514 0.416514
4406.280273 0.000000 2475.407471 0.000000 0.589969 0.000000 -0.807426 0.416517 0.416517 0.416517
4411.962402 0.000000 2467.776367 0.000000 0.885222 0.000000 -0.465169 0.409542 0.409542 0.409542
4415.365723 0.000000 2438.793457 0.000000 0.923996 0.000000 -0.382401 0.409209 0.409209 0.409209
4414.147949 0.000000 2473.782959 0.000000 0.743460 0.000000 -0.668780 0.415180 0.415180 0.415180
4406.395020 0.000000 2438.891357 0.000000 0.643739 0.000000 -0.765246 0.417230 0.417230 0.417230
4408.930664 0.000000 2441.228271 0.000000 0.931318 0.000000 -0.364208 0.407557 0.407557 0.407557
4406.086914 0.000000 2473.427246 0.000000 0.792042 0.000000 -0.610467 0.414033 0.414033 0.414033
4410.145020 0.000000 2473.972168 0.000000 0.648330 0.000000 -0.761360 0.418710 0.418710 0.418710
4408.008301 0.000000 2471.077393 0.000000 0.859752 0.000000 -0.510712 0.411722 0.411722 0.411722
4404.629395 0.000000 2471.028320 0.000000 0.902659 0.000000 -0.430356 0.411129 0.411129 0.411129
4418.199219 0.000000 2435.940430 0.000000 0.890474 0.000000 -0.455035 0.407359 0.407359 0.407359
4424.076660 0.000000 2472.881592 0.000000 0.618124 0.000000 -0.786080 0.416438 0.416438 0.416438
4424.564453 0.000000 2480.559082 0.000000 0.729410 0.000000 -0.684077 0.413805 0.413805 0.413805
4416.369629 0.000000 2439.729980 0.000000 0.864305 0.000000 -0.502967 0.412579 0.412579 0.412579
4427.049316 0.000000 2478.708984 0.000000 0.793924 0.000000 -0.608017 0.411585 0.411585 0.411585
4422.562500 0.000000 2472.250244 0.000000 0.690476 0.000000 -0.723356 0.415343 0.415343 0.415343
4416.016113 0.000000 2437.480713 0.000000 0.880839 0.000000 -0.473416 0.408840 0.408840 0.408840
4421.041016 0.000000 2472.604736 0.000000 0.772530 0.000000 -0.634978 0.412847 0.412847 0.412847
4416.126465 0.000000 2474.510986 0.000000 0.697115 0.000000 -0.716959 0.418481 0.418481 0.418481
4416.328125 0.000000 2477.296387 0.000000 0.875872 0.000000 -0.482543 0.412773 0.412773 0.412773
4418.597656 0.000000 2442.293213 0.000000 0.841503 0.000000 -0.540252 0.411456 0.411456 0.411456
4421.108887 0.000000 2478.460693 0.000000 0.778951 0.000000 -0.627085 0.417260 0.417260 0.417260
4420.561035 0.000000 2475.109619 0.000000 0.867440 0.000000 -0.497542 0.410817 0.410817 0.410817
4416.405762 0.000000 2438.604248 0.000000 0.602351 0.000000 -0.798231 0.422062 0.422062 0.422062
"}
object={
	name="oak_dense_generator_2_4"
	clamp_to_water_level=no
	render_under_water=no
	generated_content=yes
	layer="semidynamic_medium"
	pdxmesh="oak_tree_dense_01_mesh"
	count=33
	transform="4339.016113 0.000000 2393.194824 0.000000 0.271681 0.000000 -0.962387 0.418308 0.418308 0.418308
4350.038574 0.000000 2396.326904 0.000000 0.275291 0.000000 -0.961361 0.423996 0.423996 0.423996
4342.485352 0.000000 2397.758057 0.000000 0.077168 0.000000 -0.997018 0.438033 0.438033 0.438033
4345.198730 0.000000 2399.079102 0.000000 0.298015 0.000000 -0.954561 0.425139 0.425139 0.425139
4337.824707 0.000000 2382.829102 0.000000 0.440644 0.000000 -0.897682 0.420367 0.420367 0.420367
4351.384277 0.000000 2388.107910 0.000000 0.539247 0.000000 -0.842148 0.422547 0.422547 0.422547
4342.497559 0.000000 2385.507568 0.000000 0.545295 0.000000 -0.838244 0.424271 0.424271 0.424271
4341.988770 0.000000 2383.583008 0.000000 0.344565 0.000000 -0.938762 0.431042 0.431042 0.431042
4332.463379 0.000000 2386.967285 0.000000 0.142073 0.000000 -0.989856 0.435728 0.435728 0.435728
4371.771973 0.000000 2394.969238 0.000000 0.030355 0.000000 -0.999539 0.420613 0.420613 0.420613
4375.293457 0.000000 2395.908447 0.000000 0.484262 0.000000 -0.874923 0.415319 0.415319 0.415319
4404.463867 0.000000 2387.425537 0.000000 0.508063 0.000000 -0.861320 0.415080 0.415080 0.415080
4354.069824 0.000000 2397.165527 0.000000 0.243966 0.000000 -0.969784 0.420301 0.420301 0.420301
4372.821777 0.000000 2403.454834 0.000000 0.209615 0.000000 -0.977784 0.422878 0.422878 0.422878
4352.043457 0.000000 2396.594727 0.000000 0.053346 0.000000 -0.998576 0.431292 0.431292 0.431292
4354.209961 0.000000 2383.118652 0.000000 0.224139 0.000000 -0.974557 0.423165 0.423165 0.423165
4396.188965 0.000000 2377.364990 0.000000 0.151143 0.000000 -0.988512 0.429193 0.429193 0.429193
4401.067871 0.000000 2376.872803 0.000000 0.485056 0.000000 -0.874483 0.420939 0.420939 0.420939
4377.770020 0.000000 2411.511475 0.000000 0.261553 0.000000 -0.965189 0.428109 0.428109 0.428109
4352.649414 0.000000 2387.258789 0.000000 0.003656 0.000000 -0.999993 0.438264 0.438264 0.438264
4393.656250 0.000000 2468.937988 0.000000 0.113595 0.000000 -0.993527 0.420369 0.420369 0.420369
4352.009766 0.000000 2471.020752 0.000000 0.004439 0.000000 -0.999990 0.421820 0.421820 0.421820
4413.251953 0.000000 2435.642578 0.000000 0.068706 0.000000 -0.997637 0.423024 0.423024 0.423024
4352.712402 0.000000 2447.049072 0.000000 0.162046 0.000000 -0.986783 0.421935 0.421935 0.421935
4407.696777 0.000000 2438.114014 0.000000 0.548007 0.000000 -0.836474 0.419591 0.419591 0.419591
4410.406250 0.000000 2467.908447 0.000000 0.503521 0.000000 -0.863983 0.420573 0.420573 0.420573
4413.145996 0.000000 2470.507324 0.000000 0.003182 0.000000 -0.999995 0.434205 0.434205 0.434205
4412.125488 0.000000 2439.722656 0.000000 0.130955 0.000000 -0.991388 0.434356 0.434356 0.434356
4411.484375 0.000000 2470.024414 0.000000 0.541828 0.000000 -0.840490 0.422279 0.422279 0.422279
4411.256348 0.000000 2437.798584 0.000000 0.463360 0.000000 -0.886170 0.423436 0.423436 0.423436
4415.022461 0.000000 2441.276123 0.000000 0.539259 0.000000 -0.842140 0.423697 0.423697 0.423697
4420.140625 0.000000 2470.395996 0.000000 0.004438 0.000000 -0.999990 0.426904 0.426904 0.426904
4423.386719 0.000000 2474.043701 0.000000 0.354921 0.000000 -0.934896 0.425574 0.425574 0.425574
"}
