object={
	name="oak_dense_generator_3_0"
	clamp_to_water_level=no
	render_under_water=no
	generated_content=yes
	layer="semidynamic_high"
	pdxmesh="oak_tree_01_mesh"
	count=58
	transform="4334.908691 0.000000 2383.653076 0.000000 0.032594 0.000000 0.999469 0.374962 0.374962 0.374962
4348.159668 0.000000 2389.979980 0.000000 0.205071 0.000000 0.978747 0.374319 0.374319 0.374319
4339.812988 0.000000 2386.562744 0.000000 0.476814 0.000000 0.879004 0.378661 0.378661 0.378661
4351.184082 0.000000 2386.374023 0.000000 0.115792 0.000000 0.993273 0.370074 0.370074 0.370074
4351.352051 0.000000 2394.037598 0.000000 0.287158 0.000000 0.957883 0.373742 0.373742 0.373742
4348.217285 0.000000 2393.932861 0.000000 0.568448 0.000000 0.822719 0.378966 0.378966 0.378966
4333.085449 0.000000 2387.910156 0.000000 0.018231 0.000000 0.999834 0.361162 0.361162 0.361162
4339.295410 0.000000 2385.164795 0.000000 0.187613 0.000000 0.982243 0.364806 0.364806 0.364806
4340.698242 0.000000 2384.916260 0.000000 0.042689 0.000000 0.999088 0.362003 0.362003 0.362003
4330.220215 0.000000 2387.596436 0.000000 0.047234 0.000000 0.998884 0.361431 0.361431 0.361431
4341.423340 0.000000 2396.591797 0.000000 0.054631 0.000000 0.998507 0.362225 0.362225 0.362225
4342.634277 0.000000 2396.911133 0.000000 0.179241 0.000000 0.983805 0.364589 0.364589 0.364589
4339.585449 0.000000 2384.463379 0.000000 0.229662 0.000000 0.973270 0.365901 0.365901 0.365901
4346.637207 0.000000 2455.761719 0.000000 0.118508 0.000000 0.992953 0.379555 0.379555 0.379555
4379.739258 0.000000 2415.967041 0.000000 0.164641 0.000000 0.986354 0.378457 0.378457 0.378457
4412.771484 0.000000 2409.427979 0.000000 0.167175 0.000000 0.985927 0.378006 0.378006 0.378006
4376.422363 0.000000 2402.043945 0.000000 0.040848 0.000000 0.999165 0.377083 0.377083 0.377083
4369.688477 0.000000 2400.570557 0.000000 0.465754 0.000000 0.884914 0.382643 0.382643 0.382643
4394.135254 0.000000 2376.843262 0.000000 0.214376 0.000000 0.976751 0.378151 0.378151 0.378151
4357.041016 0.000000 2416.120361 0.000000 0.338824 0.000000 0.940850 0.380486 0.380486 0.380486
4364.996094 0.000000 2402.175537 0.000000 0.255797 0.000000 0.966731 0.377201 0.377201 0.377201
4414.871094 0.000000 2415.854248 0.000000 0.278857 0.000000 0.960333 0.377552 0.377552 0.377552
4414.208984 0.000000 2409.004395 0.000000 0.576097 0.000000 0.817381 0.383995 0.383995 0.383995
4352.049316 0.000000 2398.041260 0.000000 0.160401 0.000000 0.987052 0.376139 0.376139 0.376139
4414.710938 0.000000 2410.570068 0.000000 0.194397 0.000000 0.980923 0.375693 0.375693 0.375693
4353.312988 0.000000 2391.829346 0.000000 0.335135 0.000000 0.942170 0.375576 0.375576 0.375576
4352.125977 0.000000 2391.765625 0.000000 0.087695 0.000000 0.996147 0.370529 0.370529 0.370529
4353.144043 0.000000 2397.798096 0.000000 0.306081 0.000000 0.952005 0.374023 0.374023 0.374023
4364.542480 0.000000 2397.560791 0.000000 0.299530 0.000000 0.954087 0.367746 0.367746 0.367746
4400.166992 0.000000 2383.150635 0.000000 0.123824 0.000000 0.992304 0.364461 0.364461 0.364461
4366.421875 0.000000 2394.592529 0.000000 0.006865 0.000000 0.999976 0.365407 0.365407 0.365407
4401.800293 0.000000 2383.705811 0.000000 0.441734 0.000000 0.897146 0.372651 0.372651 0.372651
4420.763672 0.000000 2408.535889 0.000000 0.367805 0.000000 0.929903 0.384259 0.384259 0.384259
4361.400879 0.000000 2444.947266 0.000000 0.576441 0.000000 0.817139 0.387679 0.387679 0.387679
4376.535645 0.000000 2445.183105 0.000000 0.284460 0.000000 0.958688 0.381624 0.381624 0.381624
4406.385254 0.000000 2432.737061 0.000000 0.355591 0.000000 0.934642 0.382760 0.382760 0.382760
4411.305664 0.000000 2478.607178 0.000000 0.023323 0.000000 0.999728 0.377824 0.377824 0.377824
4354.069824 0.000000 2453.649902 0.000000 0.314523 0.000000 0.949250 0.382138 0.382138 0.382138
4394.281250 0.000000 2471.039795 0.000000 0.568942 0.000000 0.822378 0.385826 0.385826 0.385826
4409.001953 0.000000 2464.260254 0.000000 0.337203 0.000000 0.941432 0.381133 0.381133 0.381133
4415.169434 0.000000 2445.705811 0.000000 0.002198 0.000000 0.999998 0.374467 0.374467 0.374467
4412.166992 0.000000 2475.409424 0.000000 0.570563 0.000000 0.821254 0.382198 0.382198 0.382198
4408.073242 0.000000 2468.266846 0.000000 0.415614 0.000000 0.909541 0.376561 0.376561 0.376561
4404.024414 0.000000 2469.147949 0.000000 0.074140 0.000000 0.997248 0.370409 0.370409 0.370409
4409.506836 0.000000 2436.400879 0.000000 0.144207 0.000000 0.989548 0.371518 0.371518 0.371518
4412.497559 0.000000 2472.011230 0.000000 0.479455 0.000000 0.877566 0.377438 0.377438 0.377438
4406.205078 0.000000 2470.090088 0.000000 0.093442 0.000000 0.995625 0.367399 0.367399 0.367399
4403.621582 0.000000 2472.376953 0.000000 0.516486 0.000000 0.856296 0.374539 0.374539 0.374539
4411.349609 0.000000 2439.660889 0.000000 0.572130 0.000000 0.820163 0.375511 0.375511 0.375511
4420.756836 0.000000 2447.621338 0.000000 0.456099 0.000000 0.889929 0.383784 0.383784 0.383784
4420.846680 0.000000 2443.735352 0.000000 0.198949 0.000000 0.980010 0.375912 0.375912 0.375912
4420.588867 0.000000 2438.465576 0.000000 0.316348 0.000000 0.948643 0.379047 0.379047 0.379047
4425.022461 0.000000 2471.895264 0.000000 0.573909 0.000000 0.818919 0.383759 0.383759 0.383759
4417.354492 0.000000 2470.544189 0.000000 0.112641 0.000000 0.993636 0.373357 0.373357 0.373357
4417.426270 0.000000 2472.671387 0.000000 0.126354 0.000000 0.991985 0.370004 0.370004 0.370004
4419.990234 0.000000 2478.712158 0.000000 0.063011 0.000000 0.998013 0.361606 0.361606 0.361606
4421.387207 0.000000 2477.739014 0.000000 0.352855 0.000000 0.935678 0.369183 0.369183 0.369183
4428.978516 0.000000 2486.048584 0.000000 0.380026 0.000000 0.924976 0.384904 0.384904 0.384904
"}
object={
	name="oak_dense_generator_3_1"
	clamp_to_water_level=no
	render_under_water=no
	generated_content=yes
	layer="semidynamic_high"
	pdxmesh="oak_tree_02_mesh"
	count=61
	transform="4336.914551 0.000000 2389.527344 0.000000 0.795207 0.000000 0.606338 0.390535 0.390535 0.390535
4344.708984 0.000000 2392.787354 0.000000 0.870853 0.000000 0.491543 0.392072 0.392072 0.392072
4342.206543 0.000000 2379.759521 0.000000 0.610310 0.000000 0.792163 0.381191 0.381191 0.381191
4345.036621 0.000000 2385.870117 0.000000 0.677475 0.000000 0.735546 0.383824 0.383824 0.383824
4332.757812 0.000000 2382.124512 0.000000 0.866241 0.000000 0.499626 0.389708 0.389708 0.389708
4345.308105 0.000000 2380.990234 0.000000 0.895066 0.000000 0.445934 0.388230 0.388230 0.388230
4338.626465 0.000000 2383.485840 0.000000 0.708333 0.000000 0.705879 0.383722 0.383722 0.383722
4350.401855 0.000000 2392.621094 0.000000 0.800491 0.000000 0.599345 0.385816 0.385816 0.385816
4343.819336 0.000000 2447.658936 0.000000 0.696756 0.000000 0.717309 0.389136 0.389136 0.389136
4347.305664 0.000000 2478.607178 0.000000 0.887892 0.000000 0.460052 0.392863 0.392863 0.392863
4347.815430 0.000000 2447.547852 0.000000 0.930188 0.000000 0.367082 0.394557 0.394557 0.394557
4356.047852 0.000000 2380.693848 0.000000 0.619428 0.000000 0.785053 0.388010 0.388010 0.388010
4399.135742 0.000000 2388.399902 0.000000 0.596434 0.000000 0.802662 0.386090 0.386090 0.386090
4399.029785 0.000000 2386.587158 0.000000 0.628342 0.000000 0.777937 0.385357 0.385357 0.385357
4413.976074 0.000000 2413.029541 0.000000 0.876197 0.000000 0.481954 0.391287 0.391287 0.391287
4379.559082 0.000000 2408.233154 0.000000 0.931897 0.000000 0.362724 0.393550 0.393550 0.393550
4379.430664 0.000000 2412.978516 0.000000 0.887005 0.000000 0.461761 0.390821 0.390821 0.390821
4374.709473 0.000000 2392.305908 0.000000 0.606889 0.000000 0.794787 0.384083 0.384083 0.384083
4364.518066 0.000000 2400.934082 0.000000 0.598552 0.000000 0.801084 0.383067 0.383067 0.383067
4363.572266 0.000000 2397.922607 0.000000 0.606565 0.000000 0.795034 0.383158 0.383158 0.383158
4352.016602 0.000000 2395.497070 0.000000 0.591270 0.000000 0.806474 0.381122 0.381122 0.381122
4397.281250 0.000000 2377.463379 0.000000 0.940315 0.000000 0.340305 0.392857 0.392857 0.392857
4363.732910 0.000000 2394.655273 0.000000 0.949398 0.000000 0.314076 0.393635 0.393635 0.393635
4400.528320 0.000000 2378.216064 0.000000 0.667059 0.000000 0.745005 0.382163 0.382163 0.382163
4401.758301 0.000000 2384.595215 0.000000 0.844304 0.000000 0.535864 0.388056 0.388056 0.388056
4352.030273 0.000000 2389.732910 0.000000 0.640307 0.000000 0.768119 0.379663 0.379663 0.379663
4399.321289 0.000000 2381.002441 0.000000 0.742577 0.000000 0.669761 0.383034 0.383034 0.383034
4354.627930 0.000000 2386.890869 0.000000 0.898637 0.000000 0.438694 0.390227 0.390227 0.390227
4363.260254 0.000000 2392.868896 0.000000 0.943942 0.000000 0.330111 0.392995 0.392995 0.392995
4365.361328 0.000000 2397.791016 0.000000 0.671002 0.000000 0.741455 0.378731 0.378731 0.378731
4367.677246 0.000000 2396.724854 0.000000 0.623150 0.000000 0.782102 0.377132 0.377132 0.377132
4352.032715 0.000000 2386.693604 0.000000 0.870294 0.000000 0.492533 0.387426 0.387426 0.387426
4366.848145 0.000000 2398.575439 0.000000 0.872592 0.000000 0.488451 0.387107 0.387107 0.387107
4366.709473 0.000000 2399.986572 0.000000 0.766109 0.000000 0.642711 0.382364 0.382364 0.382364
4407.062500 0.000000 2479.845703 0.000000 0.681761 0.000000 0.731575 0.388773 0.388773 0.388773
4415.814453 0.000000 2447.272705 0.000000 0.901050 0.000000 0.433715 0.393437 0.393437 0.393437
4409.678223 0.000000 2443.949707 0.000000 0.611634 0.000000 0.791141 0.386602 0.386602 0.386602
4406.908203 0.000000 2440.702148 0.000000 0.838659 0.000000 0.544656 0.390251 0.390251 0.390251
4415.927246 0.000000 2443.573486 0.000000 0.900362 0.000000 0.435142 0.391705 0.391705 0.391705
4409.571289 0.000000 2468.683838 0.000000 0.695120 0.000000 0.718894 0.383537 0.383537 0.383537
4414.141113 0.000000 2475.696289 0.000000 0.922340 0.000000 0.386380 0.392097 0.392097 0.392097
4411.452148 0.000000 2468.717529 0.000000 0.902553 0.000000 0.430579 0.390398 0.390398 0.390398
4406.952148 0.000000 2472.784180 0.000000 0.884116 0.000000 0.467268 0.389610 0.389610 0.389610
4414.093750 0.000000 2477.705078 0.000000 0.923026 0.000000 0.384738 0.392290 0.392290 0.392290
4412.731934 0.000000 2466.953369 0.000000 0.894515 0.000000 0.447037 0.390998 0.390998 0.390998
4415.565430 0.000000 2471.350342 0.000000 0.733943 0.000000 0.679211 0.385199 0.385199 0.385199
4410.291992 0.000000 2438.173340 0.000000 0.902226 0.000000 0.431264 0.388645 0.388645 0.388645
4411.024414 0.000000 2436.455811 0.000000 0.889432 0.000000 0.457067 0.389784 0.389784 0.389784
4405.109375 0.000000 2473.103027 0.000000 0.896030 0.000000 0.443993 0.388767 0.388767 0.388767
4422.363770 0.000000 2438.340820 0.000000 0.868114 0.000000 0.496365 0.392686 0.392686 0.392686
4422.475098 0.000000 2443.418701 0.000000 0.945393 0.000000 0.325931 0.395143 0.395143 0.395143
4424.986816 0.000000 2483.536133 0.000000 0.911984 0.000000 0.410225 0.393119 0.393119 0.393119
4421.431641 0.000000 2439.604736 0.000000 0.849779 0.000000 0.527138 0.390685 0.390685 0.390685
4421.709473 0.000000 2481.657715 0.000000 0.613299 0.000000 0.789851 0.381405 0.381405 0.381405
4420.163086 0.000000 2480.611084 0.000000 0.915233 0.000000 0.402925 0.391531 0.391531 0.391531
4417.178711 0.000000 2477.867432 0.000000 0.603117 0.000000 0.797652 0.376578 0.376578 0.376578
4416.969238 0.000000 2474.912842 0.000000 0.752901 0.000000 0.658134 0.383393 0.383393 0.383393
4418.182129 0.000000 2441.503662 0.000000 0.771012 0.000000 0.636821 0.384557 0.384557 0.384557
4422.077148 0.000000 2476.587646 0.000000 0.936620 0.000000 0.350346 0.391135 0.391135 0.391135
4418.363770 0.000000 2478.213379 0.000000 0.870035 0.000000 0.492989 0.386872 0.386872 0.386872
4421.162109 0.000000 2479.299072 0.000000 0.813819 0.000000 0.581119 0.384209 0.384209 0.384209
"}
object={
	name="oak_dense_generator_3_2"
	clamp_to_water_level=no
	render_under_water=no
	generated_content=yes
	layer="semidynamic_high"
	pdxmesh="oak_tree_03_mesh"
	count=59
	transform="4347.502441 0.000000 2384.341064 0.000000 0.999702 0.000000 0.024406 0.399626 0.399626 0.399626
4345.864746 0.000000 2400.935059 0.000000 0.999891 0.000000 0.014787 0.399770 0.399770 0.399770
4335.029785 0.000000 2386.587158 0.000000 0.992816 0.000000 -0.119650 0.401874 0.401874 0.401874
4335.897461 0.000000 2384.029297 0.000000 0.971463 0.000000 -0.237192 0.404831 0.404831 0.404831
4351.170410 0.000000 2390.183838 0.000000 0.952355 0.000000 -0.304993 0.407413 0.407413 0.407413
4350.388184 0.000000 2391.564209 0.000000 0.973863 0.000000 0.227136 0.394520 0.394520 0.394520
4340.220215 0.000000 2397.536865 0.000000 0.980505 0.000000 -0.196494 0.404928 0.404928 0.404928
4342.692383 0.000000 2383.171387 0.000000 0.972612 0.000000 -0.232436 0.405974 0.405974 0.405974
4349.711426 0.000000 2390.172607 0.000000 0.995451 0.000000 -0.095276 0.402335 0.402335 0.402335
4332.059082 0.000000 2385.188232 0.000000 0.996315 0.000000 -0.085769 0.402187 0.402187 0.402187
4349.524414 0.000000 2445.897949 0.000000 0.991320 0.000000 -0.131468 0.401731 0.401731 0.401731
4344.708984 0.000000 2449.271729 0.000000 0.991369 0.000000 -0.131103 0.401976 0.401976 0.401976
4348.312988 0.000000 2452.583008 0.000000 0.985644 0.000000 -0.168839 0.402728 0.402728 0.402728
4397.143066 0.000000 2372.645996 0.000000 0.985891 0.000000 -0.167391 0.402444 0.402444 0.402444
4380.720215 0.000000 2412.852783 0.000000 0.989489 0.000000 -0.144610 0.402145 0.402145 0.402145
4360.859375 0.000000 2409.830811 0.000000 0.961450 0.000000 -0.274981 0.404201 0.404201 0.404201
4376.179688 0.000000 2412.951904 0.000000 0.990804 0.000000 0.135301 0.397364 0.397364 0.397364
4362.511230 0.000000 2391.034668 0.000000 0.951363 0.000000 -0.308072 0.405598 0.405598 0.405598
4352.213379 0.000000 2384.445312 0.000000 0.971787 0.000000 0.235859 0.395054 0.395054 0.395054
4355.978516 0.000000 2388.561768 0.000000 0.960706 0.000000 0.277570 0.394537 0.394537 0.394537
4353.343750 0.000000 2385.657227 0.000000 0.994037 0.000000 -0.109047 0.402270 0.402270 0.402270
4353.148926 0.000000 2396.492920 0.000000 0.991179 0.000000 0.132530 0.397259 0.397259 0.397259
4362.056641 0.000000 2395.990967 0.000000 0.992119 0.000000 0.125300 0.397497 0.397497 0.397497
4353.787109 0.000000 2387.683105 0.000000 0.991496 0.000000 0.130140 0.396813 0.396813 0.396813
4355.858398 0.000000 2387.118164 0.000000 0.995216 0.000000 -0.097703 0.402106 0.402106 0.402106
4398.978027 0.000000 2377.936523 0.000000 0.994906 0.000000 0.100806 0.397545 0.397545 0.397545
4366.183594 0.000000 2396.685547 0.000000 0.993173 0.000000 -0.116650 0.402977 0.402977 0.402977
4365.337891 0.000000 2399.015381 0.000000 0.997640 0.000000 -0.068667 0.401633 0.401633 0.401633
4420.957520 0.000000 2412.190918 0.000000 0.967981 0.000000 -0.251022 0.403395 0.403395 0.403395
4395.628906 0.000000 2469.219238 0.000000 0.995961 0.000000 -0.089788 0.401338 0.401338 0.401338
4412.771484 0.000000 2465.912354 0.000000 0.974601 0.000000 -0.223947 0.403564 0.403564 0.403564
4354.681152 0.000000 2451.046631 0.000000 0.962994 0.000000 -0.269521 0.404156 0.404156 0.404156
4407.353516 0.000000 2435.971924 0.000000 0.992920 0.000000 -0.118787 0.402063 0.402063 0.402063
4399.960449 0.000000 2471.779785 0.000000 0.983079 0.000000 -0.183182 0.403348 0.403348 0.403348
4399.221680 0.000000 2469.530273 0.000000 0.989812 0.000000 -0.142381 0.402425 0.402425 0.402425
4414.420410 0.000000 2442.168945 0.000000 0.993044 0.000000 -0.117748 0.402174 0.402174 0.402174
4410.650879 0.000000 2440.006104 0.000000 0.995959 0.000000 -0.089809 0.401819 0.401819 0.401819
4414.400879 0.000000 2468.378906 0.000000 0.988207 0.000000 0.153122 0.397045 0.397045 0.397045
4410.459473 0.000000 2470.352295 0.000000 0.984719 0.000000 0.174149 0.396093 0.396093 0.396093
4409.357910 0.000000 2473.287598 0.000000 0.996061 0.000000 -0.088669 0.401831 0.401831 0.401831
4413.388184 0.000000 2468.643066 0.000000 0.970022 0.000000 -0.243018 0.405246 0.405246 0.405246
4410.104004 0.000000 2440.882324 0.000000 0.992072 0.000000 0.125667 0.397452 0.397452 0.397452
4408.537109 0.000000 2439.270264 0.000000 0.969567 0.000000 -0.244828 0.405940 0.405940 0.405940
4411.025879 0.000000 2473.547607 0.000000 0.988953 0.000000 -0.148233 0.403217 0.403217 0.403217
4403.209473 0.000000 2468.538574 0.000000 0.966409 0.000000 0.257009 0.394692 0.394692 0.394692
4408.525879 0.000000 2470.251465 0.000000 0.995592 0.000000 0.093794 0.397946 0.397946 0.397946
4402.970215 0.000000 2472.844727 0.000000 0.991973 0.000000 0.126448 0.396860 0.396860 0.396860
4414.117188 0.000000 2441.217529 0.000000 0.998204 0.000000 0.059910 0.398581 0.398581 0.398581
4424.407715 0.000000 2436.640381 0.000000 0.978853 0.000000 -0.204566 0.402654 0.402654 0.402654
4420.035156 0.000000 2435.047852 0.000000 0.998233 0.000000 -0.059427 0.400879 0.400879 0.400879
4428.919922 0.000000 2478.863770 0.000000 0.984654 0.000000 -0.174515 0.402698 0.402698 0.402698
4425.122070 0.000000 2475.889648 0.000000 0.992022 0.000000 0.126068 0.397488 0.397488 0.397488
4419.149902 0.000000 2474.621338 0.000000 0.967399 0.000000 -0.253256 0.405267 0.405267 0.405267
4423.583496 0.000000 2481.081543 0.000000 0.967328 0.000000 0.253529 0.394612 0.394612 0.394612
4424.949219 0.000000 2477.763184 0.000000 0.993769 0.000000 -0.111460 0.402309 0.402309 0.402309
4424.403320 0.000000 2479.575684 0.000000 0.996417 0.000000 0.084575 0.398195 0.398195 0.398195
4418.473633 0.000000 2475.998779 0.000000 0.976369 0.000000 -0.216110 0.404481 0.404481 0.404481
4419.831543 0.000000 2440.643311 0.000000 0.975773 0.000000 -0.218787 0.404934 0.404934 0.404934
4419.235840 0.000000 2477.806152 0.000000 0.999644 0.000000 0.026678 0.399321 0.399321 0.399321
"}
object={
	name="oak_dense_generator_3_3"
	clamp_to_water_level=no
	render_under_water=no
	generated_content=yes
	layer="semidynamic_high"
	pdxmesh="oak_tree_04_mesh"
	count=65
	transform="4344.005371 0.000000 2378.450928 0.000000 0.801078 0.000000 -0.598560 0.411855 0.411855 0.411855
4334.404297 0.000000 2384.586426 0.000000 0.654492 0.000000 -0.756069 0.417293 0.417293 0.417293
4330.282715 0.000000 2385.849609 0.000000 0.842721 0.000000 -0.538350 0.414476 0.414476 0.414476
4344.537109 0.000000 2382.785889 0.000000 0.853306 0.000000 -0.521410 0.413968 0.413968 0.413968
4344.119629 0.000000 2398.741455 0.000000 0.918298 0.000000 -0.395889 0.408069 0.408069 0.408069
4336.511719 0.000000 2384.858887 0.000000 0.843760 0.000000 -0.536720 0.412956 0.412956 0.412956
4333.207031 0.000000 2386.145752 0.000000 0.909743 0.000000 -0.415172 0.410710 0.410710 0.410710
4341.164062 0.000000 2383.973633 0.000000 0.636271 0.000000 -0.771465 0.422438 0.422438 0.422438
4332.847656 0.000000 2385.004395 0.000000 0.876233 0.000000 -0.481888 0.412804 0.412804 0.412804
4340.295410 0.000000 2383.190918 0.000000 0.639243 0.000000 -0.769005 0.422340 0.422340 0.422340
4344.552246 0.000000 2381.369385 0.000000 0.862881 0.000000 -0.505407 0.413493 0.413493 0.413493
4351.057129 0.000000 2391.097656 0.000000 0.842550 0.000000 -0.538618 0.413604 0.413604 0.413604
4341.918457 0.000000 2397.223877 0.000000 0.679810 0.000000 -0.733388 0.420513 0.420513 0.420513
4339.361328 0.000000 2385.941406 0.000000 0.762576 0.000000 -0.646899 0.417915 0.417915 0.417915
4345.007324 0.000000 2474.488770 0.000000 0.944072 0.000000 -0.329738 0.404933 0.404933 0.404933
4351.116211 0.000000 2448.577881 0.000000 0.850583 0.000000 -0.525841 0.409124 0.409124 0.409124
4402.318359 0.000000 2372.549561 0.000000 0.720583 0.000000 -0.693369 0.410061 0.410061 0.410061
4356.248535 0.000000 2393.643555 0.000000 0.828151 0.000000 -0.560505 0.408794 0.408794 0.408794
4394.257812 0.000000 2374.606201 0.000000 0.874492 0.000000 -0.485041 0.407611 0.407611 0.407611
4415.883789 0.000000 2411.083252 0.000000 0.651089 0.000000 -0.759002 0.415232 0.415232 0.415232
4373.918945 0.000000 2393.248779 0.000000 0.935895 0.000000 -0.352278 0.406921 0.406921 0.406921
4363.538086 0.000000 2395.688721 0.000000 0.704752 0.000000 -0.709453 0.415713 0.415713 0.415713
4400.511719 0.000000 2384.858887 0.000000 0.654386 0.000000 -0.756161 0.418110 0.418110 0.418110
4398.654785 0.000000 2382.371338 0.000000 0.871558 0.000000 -0.490293 0.410951 0.410951 0.410951
4364.908691 0.000000 2393.233154 0.000000 0.873683 0.000000 -0.486496 0.410934 0.410934 0.410934
4364.557617 0.000000 2396.331543 0.000000 0.618159 0.000000 -0.786053 0.423030 0.423030 0.423030
4353.927246 0.000000 2389.848877 0.000000 0.874090 0.000000 -0.485763 0.411777 0.411777 0.411777
4352.843750 0.000000 2386.351318 0.000000 0.941839 0.000000 -0.336065 0.408368 0.408368 0.408368
4401.272949 0.000000 2462.453125 0.000000 0.877090 0.000000 -0.480327 0.406429 0.406429 0.406429
4403.456055 0.000000 2479.116455 0.000000 0.744526 0.000000 -0.667594 0.409453 0.409453 0.409453
4359.408691 0.000000 2446.665527 0.000000 0.740404 0.000000 -0.672162 0.410195 0.410195 0.410195
4354.026855 0.000000 2477.454346 0.000000 0.819564 0.000000 -0.572988 0.408744 0.408744 0.408744
4397.465820 0.000000 2473.124023 0.000000 0.721668 0.000000 -0.692239 0.410957 0.410957 0.410957
4404.122559 0.000000 2466.493164 0.000000 0.876428 0.000000 -0.481533 0.408002 0.408002 0.408002
4402.163574 0.000000 2475.803711 0.000000 0.918111 0.000000 -0.396323 0.407406 0.407406 0.407406
4413.982422 0.000000 2440.353027 0.000000 0.683620 0.000000 -0.729838 0.415563 0.415563 0.415563
4409.404785 0.000000 2466.472412 0.000000 0.699710 0.000000 -0.714427 0.414543 0.414543 0.414543
4402.113770 0.000000 2474.583496 0.000000 0.892346 0.000000 -0.451351 0.408511 0.408511 0.408511
4415.312988 0.000000 2470.103027 0.000000 0.642171 0.000000 -0.766562 0.417314 0.417314 0.417314
4409.484375 0.000000 2469.843994 0.000000 0.725583 0.000000 -0.688134 0.415574 0.415574 0.415574
4407.349609 0.000000 2469.298096 0.000000 0.841534 0.000000 -0.540204 0.411255 0.411255 0.411255
4413.034180 0.000000 2473.845703 0.000000 0.643756 0.000000 -0.765231 0.418361 0.418361 0.418361
4405.265137 0.000000 2471.602295 0.000000 0.841572 0.000000 -0.540145 0.414274 0.414274 0.414274
4404.499512 0.000000 2473.628906 0.000000 0.933940 0.000000 -0.357429 0.408924 0.408924 0.408924
4430.953125 0.000000 2482.799805 0.000000 0.643309 0.000000 -0.765606 0.411320 0.411320 0.411320
4426.072266 0.000000 2485.000244 0.000000 0.720210 0.000000 -0.693756 0.410604 0.410604 0.410604
4428.375000 0.000000 2483.495850 0.000000 0.666718 0.000000 -0.745310 0.411674 0.411674 0.411674
4426.663574 0.000000 2483.413086 0.000000 0.675112 0.000000 -0.737715 0.412759 0.412759 0.412759
4427.256348 0.000000 2481.861572 0.000000 0.702864 0.000000 -0.711324 0.413119 0.413119 0.413119
4417.945801 0.000000 2445.131836 0.000000 0.599916 0.000000 -0.800063 0.416578 0.416578 0.416578
4421.597656 0.000000 2442.295654 0.000000 0.928222 0.000000 -0.372026 0.406700 0.406700 0.406700
4425.264160 0.000000 2473.421387 0.000000 0.631130 0.000000 -0.775677 0.416135 0.416135 0.416135
4417.219727 0.000000 2436.846680 0.000000 0.862253 0.000000 -0.506478 0.409520 0.409520 0.409520
4421.164062 0.000000 2474.255371 0.000000 0.836869 0.000000 -0.547404 0.412032 0.412032 0.412032
4417.867188 0.000000 2474.200195 0.000000 0.662656 0.000000 -0.748924 0.419568 0.419568 0.419568
4417.228027 0.000000 2439.256592 0.000000 0.948948 0.000000 -0.315431 0.407659 0.407659 0.407659
4425.360840 0.000000 2476.837891 0.000000 0.933223 0.000000 -0.359299 0.407597 0.407597 0.407597
4422.627441 0.000000 2478.639404 0.000000 0.666629 0.000000 -0.745390 0.421419 0.421419 0.421419
4423.080078 0.000000 2480.138916 0.000000 0.923716 0.000000 -0.383078 0.408264 0.408264 0.408264
4419.019531 0.000000 2440.138672 0.000000 0.890218 0.000000 -0.455535 0.410580 0.410580 0.410580
4417.429688 0.000000 2440.121094 0.000000 0.874756 0.000000 -0.484564 0.412831 0.412831 0.412831
4418.212402 0.000000 2440.545410 0.000000 0.689289 0.000000 -0.724486 0.418125 0.418125 0.418125
4419.908203 0.000000 2476.780518 0.000000 0.636338 0.000000 -0.771410 0.422436 0.422436 0.422436
4418.395996 0.000000 2479.194580 0.000000 0.841914 0.000000 -0.539612 0.414514 0.414514 0.414514
4416.720215 0.000000 2441.577393 0.000000 0.735706 0.000000 -0.677301 0.418874 0.418874 0.418874
"}
object={
	name="oak_dense_generator_3_4"
	clamp_to_water_level=no
	render_under_water=no
	generated_content=yes
	layer="semidynamic_high"
	pdxmesh="oak_tree_dense_01_mesh"
	count=53
	transform="4340.319336 0.000000 2399.969482 0.000000 0.247320 0.000000 -0.968934 0.423149 0.423149 0.423149
4350.477051 0.000000 2397.750000 0.000000 0.020205 0.000000 -0.999796 0.428801 0.428801 0.428801
4339.308594 0.000000 2387.518799 0.000000 0.229981 0.000000 -0.973195 0.426604 0.426604 0.426604
4346.833496 0.000000 2391.752930 0.000000 0.031349 0.000000 -0.999509 0.430977 0.430977 0.430977
4343.779785 0.000000 2395.530029 0.000000 0.235713 0.000000 -0.971823 0.427152 0.427152 0.427152
4346.830078 0.000000 2390.598145 0.000000 0.287739 0.000000 -0.957709 0.425735 0.425735 0.425735
4341.339355 0.000000 2380.664307 0.000000 0.515457 0.000000 -0.856916 0.422510 0.422510 0.422510
4340.064941 0.000000 2380.204346 0.000000 0.176740 0.000000 -0.984258 0.430467 0.430467 0.430467
4350.394531 0.000000 2389.737549 0.000000 0.248705 0.000000 -0.968579 0.429713 0.429713 0.429713
4342.868652 0.000000 2381.710693 0.000000 0.394192 0.000000 -0.919028 0.429682 0.429682 0.429682
4343.791016 0.000000 2384.548828 0.000000 0.103772 0.000000 -0.994601 0.435815 0.435815 0.435815
4341.724609 0.000000 2385.680664 0.000000 0.329109 0.000000 -0.944292 0.430720 0.430720 0.430720
4331.717285 0.000000 2387.165771 0.000000 0.141222 0.000000 -0.989978 0.436178 0.436178 0.436178
4345.072754 0.000000 2478.945312 0.000000 0.197017 0.000000 -0.980400 0.420148 0.420148 0.420148
4348.201172 0.000000 2449.418701 0.000000 0.134987 0.000000 -0.990847 0.423365 0.423365 0.423365
4356.763672 0.000000 2408.535889 0.000000 0.396431 0.000000 -0.918065 0.415333 0.415333 0.415333
4399.145508 0.000000 2390.491699 0.000000 0.300433 0.000000 -0.953803 0.417189 0.417189 0.417189
4411.003418 0.000000 2418.353516 0.000000 0.141417 0.000000 -0.989950 0.420619 0.420619 0.420619
4352.369629 0.000000 2383.245605 0.000000 0.528011 0.000000 -0.849238 0.415805 0.415805 0.415805
4358.562500 0.000000 2415.765869 0.000000 0.480135 0.000000 -0.877195 0.416936 0.416936 0.416936
4364.917480 0.000000 2390.540771 0.000000 0.107481 0.000000 -0.994207 0.424035 0.424035 0.424035
4361.525391 0.000000 2394.391602 0.000000 0.224632 0.000000 -0.974444 0.423626 0.423626 0.423626
4415.312988 0.000000 2413.618652 0.000000 0.021401 0.000000 -0.999771 0.428005 0.428005 0.428005
4400.417969 0.000000 2379.301514 0.000000 0.501819 0.000000 -0.864973 0.422178 0.422178 0.422178
4372.185547 0.000000 2400.872314 0.000000 0.572681 0.000000 -0.819778 0.421881 0.421881 0.421881
4398.526367 0.000000 2380.398193 0.000000 0.287582 0.000000 -0.957756 0.429570 0.429570 0.429570
4367.156250 0.000000 2395.157715 0.000000 0.485539 0.000000 -0.874215 0.423531 0.423531 0.423531
4366.142578 0.000000 2397.529541 0.000000 0.222259 0.000000 -0.974988 0.434293 0.434293 0.434293
4405.566895 0.000000 2441.290283 0.000000 0.111462 0.000000 -0.993769 0.420035 0.420035 0.420035
4380.928223 0.000000 2446.708252 0.000000 0.096311 0.000000 -0.995351 0.421422 0.421422 0.421422
4356.756836 0.000000 2447.621338 0.000000 0.163820 0.000000 -0.986490 0.420784 0.420784 0.420784
4404.072754 0.000000 2477.331299 0.000000 0.133590 0.000000 -0.991037 0.421738 0.421738 0.421738
4353.843750 0.000000 2475.207764 0.000000 0.571458 0.000000 -0.820631 0.414706 0.414706 0.414706
4404.916016 0.000000 2436.191162 0.000000 0.215593 0.000000 -0.976483 0.421085 0.421085 0.421085
4409.099121 0.000000 2475.830322 0.000000 0.245971 0.000000 -0.969277 0.423438 0.423438 0.423438
4406.206543 0.000000 2436.243896 0.000000 0.576518 0.000000 -0.817084 0.417572 0.417572 0.417572
4400.827148 0.000000 2472.666016 0.000000 0.485273 0.000000 -0.874363 0.421731 0.421731 0.421731
4408.213867 0.000000 2440.355225 0.000000 0.182146 0.000000 -0.983271 0.428130 0.428130 0.428130
4413.764648 0.000000 2466.484131 0.000000 0.586682 0.000000 -0.809818 0.418332 0.418332 0.418332
4405.139160 0.000000 2468.823242 0.000000 0.515405 0.000000 -0.856947 0.420352 0.420352 0.420352
4414.365234 0.000000 2438.475586 0.000000 0.167414 0.000000 -0.985887 0.432915 0.432915 0.432915
4403.242676 0.000000 2470.875000 0.000000 0.390420 0.000000 -0.920637 0.429786 0.429786 0.429786
4420.763672 0.000000 2465.020264 0.000000 0.368369 0.000000 -0.929680 0.415793 0.415793 0.415793
4425.808105 0.000000 2469.995361 0.000000 0.220647 0.000000 -0.975354 0.420533 0.420533 0.420533
4427.735352 0.000000 2472.881348 0.000000 0.552521 0.000000 -0.833499 0.416434 0.416434 0.416434
4427.583008 0.000000 2475.772949 0.000000 0.449596 0.000000 -0.893232 0.419412 0.419412 0.419412
4422.282227 0.000000 2474.882568 0.000000 0.486869 0.000000 -0.873475 0.422490 0.422490 0.422490
4425.561035 0.000000 2479.973633 0.000000 0.370109 0.000000 -0.928988 0.425407 0.425407 0.425407
4422.803223 0.000000 2481.905762 0.000000 0.437960 0.000000 -0.898995 0.423490 0.423490 0.423490
4423.164551 0.000000 2477.604248 0.000000 0.257251 0.000000 -0.966345 0.432458 0.432458 0.432458
4419.781738 0.000000 2441.669678 0.000000 0.135047 0.000000 -0.990839 0.432107 0.432107 0.432107
4423.696289 0.000000 2476.200684 0.000000 0.088908 0.000000 -0.996040 0.436697 0.436697 0.436697
4416.750977 0.000000 2476.574951 0.000000 0.405041 0.000000 -0.914299 0.429265 0.429265 0.429265
"}
