object={
	name="oak_dense_generator_1_0"
	clamp_to_water_level=no
	render_under_water=no
	generated_content=yes
	layer="semidynamic"
	pdxmesh="oak_tree_01_mesh"
	count=44
	transform="4328.763184 0.000000 2387.465820 0.000000 0.581988 0.000000 0.813197 0.386060 0.386060 0.386060
4341.519043 0.000000 2398.969238 0.000000 0.371879 0.000000 0.928281 0.379148 0.379148 0.379148
4333.585449 0.000000 2382.776855 0.000000 0.062166 0.000000 0.998066 0.370322 0.370322 0.370322
4339.291016 0.000000 2382.767822 0.000000 0.236959 0.000000 0.971520 0.372342 0.372342 0.372342
4349.507812 0.000000 2478.604980 0.000000 0.370657 0.000000 0.928770 0.382099 0.382099 0.382099
4378.979980 0.000000 2414.176514 0.000000 0.581066 0.000000 0.813856 0.385426 0.385426 0.385426
4392.832520 0.000000 2375.844971 0.000000 0.406297 0.000000 0.913741 0.384867 0.384867 0.384867
4413.658691 0.000000 2407.659424 0.000000 0.511754 0.000000 0.859132 0.385550 0.385550 0.385550
4370.817383 0.000000 2402.787598 0.000000 0.069342 0.000000 0.997593 0.378485 0.378485 0.378485
4369.260254 0.000000 2398.800781 0.000000 0.221756 0.000000 0.975102 0.375515 0.375515 0.375515
4368.244141 0.000000 2401.541504 0.000000 0.278512 0.000000 0.960433 0.379412 0.379412 0.379412
4358.028809 0.000000 2395.273438 0.000000 0.457569 0.000000 0.889174 0.378721 0.378721 0.378721
4375.890625 0.000000 2447.885742 0.000000 0.371104 0.000000 0.928591 0.382939 0.382939 0.382939
4355.505371 0.000000 2472.254395 0.000000 0.221740 0.000000 0.975106 0.380694 0.380694 0.380694
4357.119141 0.000000 2445.262451 0.000000 0.259881 0.000000 0.965641 0.380996 0.380996 0.380996
4411.003418 0.000000 2474.837891 0.000000 0.360669 0.000000 0.932694 0.377797 0.377797 0.377797
4405.101074 0.000000 2474.153564 0.000000 0.227018 0.000000 0.973891 0.374474 0.374474 0.374474
4417.318848 0.000000 2467.716553 0.000000 0.374564 0.000000 0.927201 0.382873 0.382873 0.382873
4421.119141 0.000000 2445.262451 0.000000 0.531228 0.000000 0.847229 0.383548 0.383548 0.383548
4423.437500 0.000000 2483.871826 0.000000 0.036266 0.000000 0.999342 0.375175 0.375175 0.375175
5626.544434 0.000000 2695.188721 0.000000 0.052801 0.000000 0.998605 0.365817 0.365817 0.365817
5629.292480 0.000000 2667.324707 0.000000 0.323534 0.000000 0.946217 0.376385 0.376385 0.376385
5629.032715 0.000000 2676.953613 0.000000 0.032352 0.000000 0.999477 0.372116 0.372116 0.372116
5629.125000 0.000000 2707.244873 0.000000 0.540429 0.000000 0.841390 0.378333 0.378333 0.378333
5624.473633 0.000000 2662.896484 0.000000 0.334837 0.000000 0.942276 0.375140 0.375140 0.375140
5630.582031 0.000000 2669.632812 0.000000 0.500986 0.000000 0.865455 0.379996 0.379996 0.379996
5630.994629 0.000000 2702.389404 0.000000 0.178424 0.000000 0.983954 0.364568 0.364568 0.364568
5631.273438 0.000000 2666.156738 0.000000 0.239493 0.000000 0.970898 0.374188 0.374188 0.374188
5631.374512 0.000000 2694.861084 0.000000 0.088540 0.000000 0.996073 0.362258 0.362258 0.362258
5630.854492 0.000000 2681.349121 0.000000 0.436472 0.000000 0.899718 0.377481 0.377481 0.377481
5633.318848 0.000000 2693.654053 0.000000 0.087028 0.000000 0.996206 0.362219 0.362219 0.362219
5635.837402 0.000000 2678.327637 0.000000 0.467378 0.000000 0.884057 0.374875 0.374875 0.374875
5632.894531 0.000000 2685.065674 0.000000 0.515374 0.000000 0.856965 0.373788 0.373788 0.373788
5639.408691 0.000000 2672.603027 0.000000 0.110683 0.000000 0.993856 0.376601 0.376601 0.376601
5634.311035 0.000000 2691.376709 0.000000 0.364467 0.000000 0.931216 0.377693 0.377693 0.377693
5634.681152 0.000000 2676.984131 0.000000 0.579757 0.000000 0.814790 0.375748 0.375748 0.375748
5633.843750 0.000000 2701.145264 0.000000 0.281106 0.000000 0.959677 0.367256 0.367256 0.367256
5618.789551 0.000000 2723.337402 0.000000 0.378342 0.000000 0.925666 0.377440 0.377440 0.377440
5621.994141 0.000000 2732.536133 0.000000 0.254693 0.000000 0.967022 0.376328 0.376328 0.376328
5623.819336 0.000000 2730.080811 0.000000 0.320776 0.000000 0.947155 0.376392 0.376392 0.376392
5621.428223 0.000000 2729.091309 0.000000 0.554311 0.000000 0.832310 0.381687 0.381687 0.381687
5624.096680 0.000000 2738.894043 0.000000 0.461166 0.000000 0.887314 0.377928 0.377928 0.377928
5627.529785 0.000000 2711.896973 0.000000 0.055042 0.000000 0.998484 0.371317 0.371317 0.371317
5625.678223 0.000000 2726.371582 0.000000 0.269367 0.000000 0.963037 0.368890 0.368890 0.368890
"}
object={
	name="oak_dense_generator_1_1"
	clamp_to_water_level=no
	render_under_water=no
	generated_content=yes
	layer="semidynamic"
	pdxmesh="oak_tree_02_mesh"
	count=54
	transform="4338.842773 0.000000 2390.213623 0.000000 0.837373 0.000000 0.546632 0.390471 0.390471 0.390471
4342.381836 0.000000 2401.671387 0.000000 0.916232 0.000000 0.400648 0.393928 0.393928 0.393928
4345.910645 0.000000 2476.779053 0.000000 0.949323 0.000000 0.314301 0.395211 0.395211 0.395211
4349.032715 0.000000 2451.016113 0.000000 0.837243 0.000000 0.546831 0.390293 0.390293 0.390293
4346.504395 0.000000 2452.586914 0.000000 0.614083 0.000000 0.789242 0.385694 0.385694 0.385694
4349.638184 0.000000 2448.551270 0.000000 0.891294 0.000000 0.453426 0.392340 0.392340 0.392340
4407.638184 0.000000 2388.087158 0.000000 0.766624 0.000000 0.642096 0.390879 0.390879 0.390879
4374.628418 0.000000 2402.370850 0.000000 0.696356 0.000000 0.717696 0.387809 0.387809 0.387809
4360.173828 0.000000 2394.610107 0.000000 0.799605 0.000000 0.600526 0.388678 0.388678 0.388678
4370.128418 0.000000 2393.105469 0.000000 0.816830 0.000000 0.576879 0.389623 0.389623 0.389623
4371.362793 0.000000 2400.331543 0.000000 0.941528 0.000000 0.336935 0.394080 0.394080 0.394080
4354.944824 0.000000 2389.739746 0.000000 0.697911 0.000000 0.716185 0.384494 0.384494 0.384494
4379.203125 0.000000 2411.661377 0.000000 0.906726 0.000000 0.421720 0.390414 0.390414 0.390414
4410.807129 0.000000 2435.482666 0.000000 0.936497 0.000000 0.350676 0.394561 0.394561 0.394561
4379.131348 0.000000 2444.949219 0.000000 0.699757 0.000000 0.714381 0.388517 0.388517 0.388517
4353.884766 0.000000 2479.880615 0.000000 0.927431 0.000000 0.373994 0.394584 0.394584 0.394584
4398.782227 0.000000 2470.892334 0.000000 0.815381 0.000000 0.578924 0.388779 0.388779 0.388779
4409.129395 0.000000 2467.646729 0.000000 0.801030 0.000000 0.598624 0.388272 0.388272 0.388272
4418.500488 0.000000 2448.572266 0.000000 0.803419 0.000000 0.595414 0.391274 0.391274 0.391274
4421.729492 0.000000 2470.856934 0.000000 0.803101 0.000000 0.595843 0.389036 0.389036 0.389036
4420.166992 0.000000 2477.592773 0.000000 0.857688 0.000000 0.514170 0.386248 0.386248 0.386248
5626.807129 0.000000 2661.420166 0.000000 0.796015 0.000000 0.605277 0.388314 0.388314 0.388314
5631.958008 0.000000 2675.664551 0.000000 0.801673 0.000000 0.597763 0.386212 0.386212 0.386212
5629.248047 0.000000 2700.767578 0.000000 0.662129 0.000000 0.749390 0.378428 0.378428 0.378428
5622.864258 0.000000 2709.764160 0.000000 0.799946 0.000000 0.600072 0.388399 0.388399 0.388399
5630.624512 0.000000 2663.585693 0.000000 0.747245 0.000000 0.664549 0.388386 0.388386 0.388386
5616.023926 0.000000 2707.300537 0.000000 0.797912 0.000000 0.602774 0.390244 0.390244 0.390244
5629.507812 0.000000 2704.542480 0.000000 0.677299 0.000000 0.735707 0.378948 0.378948 0.378948
5626.028320 0.000000 2667.864258 0.000000 0.878057 0.000000 0.478556 0.392301 0.392301 0.392301
5628.013184 0.000000 2669.630371 0.000000 0.633963 0.000000 0.773364 0.385255 0.385255 0.385255
5631.697754 0.000000 2699.489746 0.000000 0.631093 0.000000 0.775707 0.377391 0.377391 0.377391
5631.510742 0.000000 2679.502441 0.000000 0.759854 0.000000 0.650093 0.384558 0.384558 0.384558
5631.163574 0.000000 2687.440186 0.000000 0.832040 0.000000 0.554716 0.385026 0.385026 0.385026
5629.252441 0.000000 2665.191895 0.000000 0.923239 0.000000 0.384225 0.392025 0.392025 0.392025
5628.271484 0.000000 2663.279053 0.000000 0.773866 0.000000 0.633350 0.387089 0.387089 0.387089
5626.520996 0.000000 2708.678223 0.000000 0.862752 0.000000 0.505627 0.389121 0.389121 0.389121
5628.454590 0.000000 2695.104736 0.000000 0.899078 0.000000 0.437787 0.388461 0.388461 0.388461
5642.072266 0.000000 2654.453369 0.000000 0.640154 0.000000 0.768247 0.385477 0.385477 0.385477
5632.254883 0.000000 2701.906494 0.000000 0.630059 0.000000 0.776547 0.377358 0.377358 0.377358
5633.884766 0.000000 2705.818115 0.000000 0.930354 0.000000 0.366661 0.394002 0.394002 0.394002
5635.913086 0.000000 2665.702148 0.000000 0.886021 0.000000 0.463645 0.392056 0.392056 0.392056
5633.118652 0.000000 2699.495850 0.000000 0.948590 0.000000 0.316506 0.391799 0.391799 0.391799
5638.070312 0.000000 2661.805664 0.000000 0.859679 0.000000 0.510835 0.390523 0.390523 0.390523
5636.248535 0.000000 2676.065430 0.000000 0.698568 0.000000 0.715544 0.383278 0.383278 0.383278
5624.065918 0.000000 2736.612549 0.000000 0.829350 0.000000 0.558729 0.388071 0.388071 0.388071
5626.807129 0.000000 2717.904541 0.000000 0.656179 0.000000 0.754606 0.387149 0.387149 0.387149
5624.550781 0.000000 2744.109131 0.000000 0.935876 0.000000 0.352330 0.394067 0.394067 0.394067
5629.512207 0.000000 2711.276123 0.000000 0.949789 0.000000 0.312891 0.394359 0.394359 0.394359
5622.381836 0.000000 2740.577637 0.000000 0.750903 0.000000 0.660413 0.386817 0.386817 0.386817
5616.918945 0.000000 2726.236084 0.000000 0.695152 0.000000 0.718863 0.386783 0.386783 0.386783
5620.463867 0.000000 2726.331787 0.000000 0.855953 0.000000 0.517054 0.387709 0.387709 0.387709
5626.637207 0.000000 2738.183594 0.000000 0.814627 0.000000 0.579985 0.389373 0.389373 0.389373
5618.709961 0.000000 2725.339844 0.000000 0.597442 0.000000 0.801912 0.381788 0.381788 0.381788
5621.929688 0.000000 2727.320801 0.000000 0.660087 0.000000 0.751189 0.380777 0.380777 0.380777
"}
object={
	name="oak_dense_generator_1_2"
	clamp_to_water_level=no
	render_under_water=no
	generated_content=yes
	layer="semidynamic"
	pdxmesh="oak_tree_03_mesh"
	count=53
	transform="4346.511719 0.000000 2392.853760 0.000000 0.999551 0.000000 -0.029952 0.400571 0.400571 0.400571
4347.100586 0.000000 2382.436523 0.000000 0.970222 0.000000 -0.242217 0.403689 0.403689 0.403689
4346.462402 0.000000 2389.413818 0.000000 0.997986 0.000000 0.063431 0.398935 0.398935 0.398935
4350.970703 0.000000 2394.999756 0.000000 0.973276 0.000000 0.229639 0.395245 0.395245 0.395245
4333.674805 0.000000 2385.347168 0.000000 0.959524 0.000000 0.281626 0.392730 0.392730 0.392730
4346.511719 0.000000 2449.338135 0.000000 0.973192 0.000000 -0.229993 0.403638 0.403638 0.403638
4361.400879 0.000000 2388.462891 0.000000 0.997003 0.000000 0.077366 0.398979 0.398979 0.398979
4402.789551 0.000000 2384.431152 0.000000 0.952396 0.000000 0.304863 0.394540 0.394540 0.394540
4410.305176 0.000000 2416.325195 0.000000 0.967718 0.000000 0.252035 0.396222 0.396222 0.396222
4415.509766 0.000000 2409.562256 0.000000 0.980890 0.000000 0.194563 0.396725 0.396725 0.396725
4375.105957 0.000000 2393.580322 0.000000 0.995964 0.000000 0.089748 0.398443 0.398443 0.398443
4367.228516 0.000000 2399.355957 0.000000 0.995862 0.000000 0.090878 0.397701 0.397701 0.397701
4362.704590 0.000000 2395.086182 0.000000 0.999938 0.000000 -0.011131 0.400222 0.400222 0.400222
4364.062012 0.000000 2393.649170 0.000000 0.986725 0.000000 0.162400 0.396490 0.396490 0.396490
4397.431152 0.000000 2376.395508 0.000000 0.977023 0.000000 0.213132 0.395582 0.395582 0.395582
4417.318848 0.000000 2411.232178 0.000000 0.998799 0.000000 0.048990 0.399151 0.399151 0.399151
4419.505371 0.000000 2415.770020 0.000000 0.988154 0.000000 -0.153464 0.402208 0.402208 0.402208
4396.760254 0.000000 2467.333252 0.000000 0.971693 0.000000 -0.236246 0.403561 0.403561 0.403561
4355.837402 0.000000 2452.390137 0.000000 0.987768 0.000000 0.155930 0.397764 0.397764 0.397764
4420.047852 0.000000 2437.178223 0.000000 0.989779 0.000000 0.142610 0.397714 0.397714 0.397714
4427.941895 0.000000 2470.632080 0.000000 0.986250 0.000000 0.165260 0.397405 0.397405 0.397405
4420.957520 0.000000 2468.675293 0.000000 0.999702 0.000000 -0.024417 0.400378 0.400378 0.400378
4417.843750 0.000000 2475.207764 0.000000 0.991362 0.000000 0.131157 0.396959 0.396959 0.396959
5631.487305 0.000000 2684.993408 0.000000 0.951958 0.000000 -0.306228 0.407428 0.407428 0.407428
5619.456055 0.000000 2705.053955 0.000000 0.992925 0.000000 -0.118743 0.401718 0.401718 0.401718
5623.107910 0.000000 2699.967041 0.000000 0.969890 0.000000 0.243543 0.395725 0.395725 0.395725
5626.305176 0.000000 2698.747070 0.000000 0.998039 0.000000 0.062587 0.398405 0.398405 0.398405
5624.639160 0.000000 2659.738037 0.000000 0.995641 0.000000 -0.093274 0.401558 0.401558 0.401558
5628.008301 0.000000 2697.042725 0.000000 0.999248 0.000000 -0.038763 0.400987 0.400987 0.400987
5627.305664 0.000000 2704.544678 0.000000 0.966698 0.000000 -0.255920 0.405169 0.405169 0.405169
5628.034180 0.000000 2702.588867 0.000000 0.952173 0.000000 -0.305561 0.407908 0.407908 0.407908
5629.282227 0.000000 2698.720947 0.000000 0.998263 0.000000 0.058911 0.398499 0.398499 0.398499
5628.771484 0.000000 2691.849854 0.000000 0.990320 0.000000 -0.138802 0.403080 0.403080 0.403080
5628.180664 0.000000 2688.868164 0.000000 0.954240 0.000000 0.299041 0.393495 0.393495 0.393495
5626.270996 0.000000 2663.099365 0.000000 0.979465 0.000000 -0.201613 0.404105 0.404105 0.404105
5634.500488 0.000000 2674.509766 0.000000 0.996234 0.000000 -0.086710 0.402198 0.402198 0.402198
5638.424805 0.000000 2675.125732 0.000000 0.991137 0.000000 -0.132840 0.402169 0.402169 0.402169
5636.755371 0.000000 2682.638184 0.000000 0.996976 0.000000 -0.077706 0.401216 0.401216 0.401216
5632.009766 0.000000 2696.958252 0.000000 0.988066 0.000000 0.154032 0.396062 0.396062 0.396062
5633.451660 0.000000 2664.157959 0.000000 0.990909 0.000000 -0.134535 0.402223 0.402223 0.402223
5634.822754 0.000000 2688.733643 0.000000 0.995549 0.000000 0.094243 0.398219 0.398219 0.398219
5632.597656 0.000000 2675.232910 0.000000 0.986027 0.000000 0.166586 0.396248 0.396248 0.396248
5635.095703 0.000000 2670.215820 0.000000 0.981288 0.000000 -0.192547 0.404160 0.404160 0.404160
5632.850586 0.000000 2695.330322 0.000000 0.970622 0.000000 0.240608 0.393812 0.393812 0.393812
5632.525879 0.000000 2692.068604 0.000000 0.996935 0.000000 0.078237 0.398006 0.398006 0.398006
5634.335449 0.000000 2685.995605 0.000000 0.982262 0.000000 -0.187513 0.404474 0.404474 0.404474
5613.516602 0.000000 2725.983398 0.000000 0.994741 0.000000 0.102425 0.398530 0.398530 0.398530
5620.365234 0.000000 2750.516357 0.000000 0.970023 0.000000 0.243014 0.396507 0.396507 0.396507
5623.531250 0.000000 2721.853760 0.000000 0.995730 0.000000 0.092318 0.398481 0.398481 0.398481
5626.028320 0.000000 2724.348633 0.000000 0.981532 0.000000 0.191298 0.397146 0.397146 0.397146
5621.566895 0.000000 2723.712158 0.000000 0.960526 0.000000 0.278190 0.393905 0.393905 0.393905
5620.679199 0.000000 2730.939209 0.000000 0.996771 0.000000 0.080292 0.398479 0.398479 0.398479
5622.302246 0.000000 2725.537354 0.000000 0.968004 0.000000 0.250933 0.393541 0.393541 0.393541
"}
object={
	name="oak_dense_generator_1_3"
	clamp_to_water_level=no
	render_under_water=no
	generated_content=yes
	layer="semidynamic"
	pdxmesh="oak_tree_04_mesh"
	count=49
	transform="4344.065918 0.000000 2454.190674 0.000000 0.870397 0.000000 -0.492351 0.406991 0.406991 0.406991
4358.424805 0.000000 2392.703857 0.000000 0.672440 0.000000 -0.740152 0.414022 0.414022 0.414022
4355.095703 0.000000 2387.793945 0.000000 0.825596 0.000000 -0.564262 0.412902 0.412902 0.412902
4416.254883 0.000000 2419.484619 0.000000 0.944798 0.000000 -0.327652 0.404617 0.404617 0.404617
4416.163086 0.000000 2407.090332 0.000000 0.934895 0.000000 -0.354926 0.405326 0.405326 0.405326
4383.453613 0.000000 2445.558350 0.000000 0.905445 0.000000 -0.424464 0.405669 0.405669 0.405669
4415.958008 0.000000 2449.727051 0.000000 0.899453 0.000000 -0.437018 0.405894 0.405894 0.405894
4413.292480 0.000000 2441.387207 0.000000 0.671109 0.000000 -0.741358 0.415887 0.415887 0.415887
4413.524414 0.000000 2445.897949 0.000000 0.628486 0.000000 -0.777821 0.412771 0.412771 0.412771
4413.507812 0.000000 2478.604980 0.000000 0.791935 0.000000 -0.610606 0.409675 0.409675 0.409675
4405.860840 0.000000 2476.894531 0.000000 0.948126 0.000000 -0.317895 0.404894 0.404894 0.404894
4415.976562 0.000000 2479.443604 0.000000 0.898897 0.000000 -0.438160 0.407881 0.407881 0.407881
4415.509766 0.000000 2466.046631 0.000000 0.889114 0.000000 -0.457686 0.408094 0.408094 0.408094
4408.471680 0.000000 2469.284180 0.000000 0.909110 0.000000 -0.416556 0.408817 0.408817 0.408817
4427.959473 0.000000 2477.319092 0.000000 0.765745 0.000000 -0.643145 0.412592 0.412592 0.412592
4422.330566 0.000000 2440.925049 0.000000 0.800033 0.000000 -0.599957 0.409317 0.409317 0.409317
4424.908691 0.000000 2474.728027 0.000000 0.793949 0.000000 -0.607984 0.412987 0.412987 0.412987
4426.235840 0.000000 2472.512451 0.000000 0.817893 0.000000 -0.575370 0.410224 0.410224 0.410224
4424.237305 0.000000 2476.854736 0.000000 0.656496 0.000000 -0.754329 0.417666 0.417666 0.417666
5626.368164 0.000000 2706.691650 0.000000 0.714716 0.000000 -0.699415 0.415741 0.415741 0.415741
5623.638184 0.000000 2670.509033 0.000000 0.639562 0.000000 -0.768739 0.412303 0.412303 0.412303
5620.365234 0.000000 2694.031982 0.000000 0.678463 0.000000 -0.734634 0.413184 0.413184 0.413184
5629.658691 0.000000 2690.081299 0.000000 0.778286 0.000000 -0.627910 0.415016 0.415016 0.415016
5626.511719 0.000000 2675.275635 0.000000 0.845954 0.000000 -0.533256 0.409576 0.409576 0.409576
5630.419434 0.000000 2696.912842 0.000000 0.767734 0.000000 -0.640769 0.417711 0.417711 0.417711
5622.381836 0.000000 2684.093262 0.000000 0.858747 0.000000 -0.512401 0.407629 0.407629 0.407629
5629.611816 0.000000 2693.525391 0.000000 0.756742 0.000000 -0.653713 0.418143 0.418143 0.418143
5631.976562 0.000000 2705.381104 0.000000 0.911176 0.000000 -0.412017 0.410814 0.410814 0.410814
5625.190430 0.000000 2696.872559 0.000000 0.916860 0.000000 -0.399208 0.410457 0.410457 0.410457
5630.970703 0.000000 2677.421631 0.000000 0.893494 0.000000 -0.449075 0.410232 0.410232 0.410232
5633.017578 0.000000 2681.458740 0.000000 0.941095 0.000000 -0.338141 0.408784 0.408784 0.408784
5639.914551 0.000000 2656.602539 0.000000 0.589529 0.000000 -0.807747 0.412865 0.412865 0.412865
5632.936035 0.000000 2677.375244 0.000000 0.878754 0.000000 -0.477275 0.412670 0.412670 0.412670
5635.820801 0.000000 2668.571045 0.000000 0.633831 0.000000 -0.773472 0.414968 0.414968 0.414968
5634.944824 0.000000 2672.161621 0.000000 0.795467 0.000000 -0.605997 0.414823 0.414823 0.414823
5634.627930 0.000000 2683.472900 0.000000 0.798127 0.000000 -0.602490 0.416466 0.416466 0.416466
5636.756836 0.000000 2673.558838 0.000000 0.793556 0.000000 -0.608497 0.414012 0.414012 0.414012
5634.069824 0.000000 2679.587402 0.000000 0.788845 0.000000 -0.614592 0.415334 0.415334 0.415334
5632.144043 0.000000 2683.165771 0.000000 0.905697 0.000000 -0.423925 0.411148 0.411148 0.411148
5643.084961 0.000000 2665.144287 0.000000 0.736289 0.000000 -0.676667 0.415067 0.415067 0.415067
5644.251465 0.000000 2661.601807 0.000000 0.629535 0.000000 -0.776972 0.417550 0.417550 0.417550
5633.726074 0.000000 2697.670166 0.000000 0.801578 0.000000 -0.597891 0.416320 0.416320 0.416320
5623.107910 0.000000 2756.451416 0.000000 0.636819 0.000000 -0.771013 0.414507 0.414507 0.414507
5624.315430 0.000000 2748.259033 0.000000 0.906014 0.000000 -0.423248 0.407201 0.407201 0.407201
5623.060547 0.000000 2752.849609 0.000000 0.930011 0.000000 -0.367532 0.406201 0.406201 0.406201
5624.742188 0.000000 2741.143799 0.000000 0.592996 0.000000 -0.805205 0.418928 0.418928 0.418928
5622.180664 0.000000 2735.100098 0.000000 0.690763 0.000000 -0.723081 0.414044 0.414044 0.414044
5626.561523 0.000000 2743.009277 0.000000 0.714140 0.000000 -0.700003 0.414132 0.414132 0.414132
5625.864746 0.000000 2739.841309 0.000000 0.858752 0.000000 -0.512391 0.410879 0.410879 0.410879
"}
object={
	name="oak_dense_generator_1_4"
	clamp_to_water_level=no
	render_under_water=no
	generated_content=yes
	layer="semidynamic"
	pdxmesh="oak_tree_dense_01_mesh"
	count=56
	transform="4349.212891 0.000000 2397.735596 0.000000 0.522720 0.000000 -0.852504 0.414118 0.414118 0.414118
4346.028320 0.000000 2385.442383 0.000000 0.275342 0.000000 -0.961346 0.419803 0.419803 0.419803
4340.463867 0.000000 2387.425537 0.000000 0.130950 0.000000 -0.991389 0.421490 0.421490 0.421490
4346.368164 0.000000 2480.754150 0.000000 0.244719 0.000000 -0.969594 0.418504 0.418504 0.418504
4349.248047 0.000000 2474.830078 0.000000 0.102323 0.000000 -0.994751 0.423680 0.423680 0.423680
4400.205566 0.000000 2372.318115 0.000000 0.155709 0.000000 -0.987803 0.419846 0.419846 0.419846
4410.544434 0.000000 2412.766846 0.000000 0.475440 0.000000 -0.879748 0.415893 0.415893 0.415893
4375.890625 0.000000 2391.401367 0.000000 0.317730 0.000000 -0.948181 0.419309 0.419309 0.419309
4357.119141 0.000000 2388.778076 0.000000 0.526284 0.000000 -0.850309 0.414568 0.414568 0.414568
4362.329590 0.000000 2397.048340 0.000000 0.351239 0.000000 -0.936286 0.422208 0.422208 0.422208
4363.442871 0.000000 2390.152344 0.000000 0.103466 0.000000 -0.994633 0.426226 0.426226 0.426226
4376.887695 0.000000 2413.943848 0.000000 0.371078 0.000000 -0.928602 0.423126 0.423126 0.423126
4365.306641 0.000000 2396.895264 0.000000 0.417746 0.000000 -0.908564 0.429026 0.429026 0.429026
4390.230957 0.000000 2467.357178 0.000000 0.493826 0.000000 -0.869561 0.413582 0.413582 0.413582
4353.017578 0.000000 2455.521240 0.000000 0.352115 0.000000 -0.935957 0.417051 0.417051 0.417051
4352.514160 0.000000 2444.908936 0.000000 0.114448 0.000000 -0.993429 0.421448 0.421448 0.421448
4409.910645 0.000000 2476.779053 0.000000 0.086821 0.000000 -0.996224 0.423042 0.423042 0.423042
4414.582031 0.000000 2443.695312 0.000000 0.291433 0.000000 -0.956591 0.423493 0.423493 0.423493
4406.255859 0.000000 2437.588135 0.000000 0.391874 0.000000 -0.920019 0.421464 0.421464 0.421464
4411.502441 0.000000 2440.825439 0.000000 0.506551 0.000000 -0.862210 0.421023 0.421023 0.421023
4421.572266 0.000000 2475.759033 0.000000 0.193372 0.000000 -0.981126 0.428585 0.428585 0.428585
4423.260254 0.000000 2475.432617 0.000000 0.344726 0.000000 -0.938703 0.425804 0.425804 0.425804
5624.550781 0.000000 2687.624756 0.000000 0.308783 0.000000 -0.951133 0.418953 0.418953 0.418953
5631.586426 0.000000 2708.200195 0.000000 0.027508 0.000000 -0.999622 0.422578 0.422578 0.422578
5629.212891 0.000000 2680.157471 0.000000 0.324679 0.000000 -0.945824 0.416966 0.416966 0.416966
5622.173828 0.000000 2660.949951 0.000000 0.239880 0.000000 -0.970802 0.423218 0.423218 0.423218
5629.524414 0.000000 2671.835449 0.000000 0.582568 0.000000 -0.812782 0.416630 0.416630 0.416630
5625.910645 0.000000 2702.716553 0.000000 0.142255 0.000000 -0.989830 0.423031 0.423031 0.423031
5627.981445 0.000000 2709.984863 0.000000 0.472866 0.000000 -0.881134 0.422128 0.422128 0.422128
5623.060547 0.000000 2696.365234 0.000000 0.467374 0.000000 -0.884060 0.421443 0.421443 0.421443
5628.832520 0.000000 2687.087402 0.000000 0.009685 0.000000 -0.999953 0.428217 0.428217 0.428217
5627.100586 0.000000 2664.858398 0.000000 0.283514 0.000000 -0.958968 0.423068 0.423068 0.423068
5626.631836 0.000000 2689.902100 0.000000 0.497313 0.000000 -0.867571 0.416047 0.416047 0.416047
5629.638184 0.000000 2674.488770 0.000000 0.549402 0.000000 -0.835558 0.419361 0.419361 0.419361
5631.509766 0.000000 2691.984131 0.000000 0.167692 0.000000 -0.985839 0.435709 0.435709 0.435709
5631.814453 0.000000 2673.210205 0.000000 0.199247 0.000000 -0.979949 0.434345 0.434345 0.434345
5624.630371 0.000000 2708.220703 0.000000 0.199368 0.000000 -0.979925 0.426064 0.426064 0.426064
5625.072754 0.000000 2704.882812 0.000000 0.379504 0.000000 -0.925190 0.420766 0.420766 0.420766
5631.825195 0.000000 2668.018311 0.000000 0.107100 0.000000 -0.994248 0.427987 0.427987 0.427987
5635.505371 0.000000 2698.191895 0.000000 0.143852 0.000000 -0.989599 0.421866 0.421866 0.421866
5632.163086 0.000000 2689.512207 0.000000 0.262770 0.000000 -0.964858 0.433229 0.433229 0.433229
5632.514160 0.000000 2670.846436 0.000000 0.295078 0.000000 -0.955473 0.432372 0.432372 0.432372
5633.042969 0.000000 2687.266602 0.000000 0.026139 0.000000 -0.999658 0.439334 0.439334 0.439334
5632.712402 0.000000 2672.986572 0.000000 0.354572 0.000000 -0.935029 0.430770 0.430770 0.430770
5633.654297 0.000000 2669.123779 0.000000 0.568465 0.000000 -0.822707 0.417849 0.417849 0.417849
5635.099121 0.000000 2681.467285 0.000000 0.489519 0.000000 -0.871993 0.426233 0.426233 0.426233
5623.638184 0.000000 2726.993408 0.000000 0.324561 0.000000 -0.945865 0.431583 0.431583 0.431583
5619.456055 0.000000 2761.538330 0.000000 0.576247 0.000000 -0.817276 0.415763 0.415763 0.415763
5618.842773 0.000000 2729.119873 0.000000 0.086838 0.000000 -0.996222 0.422079 0.422079 0.422079
5627.211426 0.000000 2740.868164 0.000000 0.285962 0.000000 -0.958241 0.423470 0.423470 0.423470
5616.023926 0.000000 2763.784912 0.000000 0.026789 0.000000 -0.999641 0.424747 0.424747 0.424747
5626.385254 0.000000 2713.842041 0.000000 0.235222 0.000000 -0.971942 0.423235 0.423235 0.423235
5620.014648 0.000000 2720.093262 0.000000 0.192390 0.000000 -0.981319 0.420698 0.420698 0.420698
5621.860840 0.000000 2759.316406 0.000000 0.024566 0.000000 -0.999698 0.425478 0.425478 0.425478
5622.158691 0.000000 2743.309814 0.000000 0.150451 0.000000 -0.988617 0.424883 0.424883 0.424883
5623.794922 0.000000 2724.256104 0.000000 0.392199 0.000000 -0.919880 0.429737 0.429737 0.429737
"}
