object={
	name="oak_generator_3_0"
	clamp_to_water_level=no
	render_under_water=no
	generated_content=yes
	layer="semidynamic_high"
	pdxmesh="oak_tree_01_mesh"
	count=32
	transform="5563.100586 0.000000 2608.374023 0.000000 0.433458 0.000000 0.901174 0.336465 0.336465 0.336465
5548.194824 0.000000 2610.358643 0.000000 0.476453 0.000000 0.879200 0.337235 0.337235 0.337235
5551.882812 0.000000 2603.304932 0.000000 0.014389 0.000000 0.999896 0.329464 0.329464 0.329464
5600.754395 0.000000 2648.782227 0.000000 0.491259 0.000000 0.871014 0.333787 0.333787 0.333787
5582.294922 0.000000 2644.789551 0.000000 0.049268 0.000000 0.998786 0.323477 0.323477 0.323477
5596.115234 0.000000 2652.109375 0.000000 0.108296 0.000000 0.994119 0.323743 0.323743 0.323743
5593.045410 0.000000 2666.657471 0.000000 0.039530 0.000000 0.999218 0.327923 0.327923 0.327923
5684.147949 0.000000 2653.443359 0.000000 0.216256 0.000000 0.976337 0.328959 0.328959 0.328959
5636.602051 0.000000 2657.371338 0.000000 0.143243 0.000000 0.989688 0.332106 0.332106 0.332106
5693.382324 0.000000 2685.067871 0.000000 0.279018 0.000000 0.960286 0.333118 0.333118 0.333118
5694.854492 0.000000 2681.349121 0.000000 0.422600 0.000000 0.906316 0.334635 0.334635 0.334635
5653.008301 0.000000 2683.870605 0.000000 0.325281 0.000000 0.945617 0.333483 0.333483 0.333483
5683.291016 0.000000 2665.189697 0.000000 0.248125 0.000000 0.968728 0.332237 0.332237 0.332237
5669.967285 0.000000 2679.662842 0.000000 0.161624 0.000000 0.986852 0.330370 0.330370 0.330370
5677.531250 0.000000 2673.158691 0.000000 0.109959 0.000000 0.993936 0.329580 0.329580 0.329580
5667.500488 0.000000 2682.350098 0.000000 0.563738 0.000000 0.825954 0.334926 0.334926 0.334926
5641.352539 0.000000 2656.375244 0.000000 0.510361 0.000000 0.859960 0.334216 0.334216 0.334216
5655.062012 0.000000 2670.887207 0.000000 0.290818 0.000000 0.956778 0.331440 0.331440 0.331440
5654.292480 0.000000 2686.186279 0.000000 0.282845 0.000000 0.959166 0.330029 0.330029 0.330029
5652.314941 0.000000 2681.671143 0.000000 0.161409 0.000000 0.986888 0.329136 0.329136 0.329136
5668.191406 0.000000 2666.470459 0.000000 0.430988 0.000000 0.902357 0.331860 0.331860 0.331860
5646.689941 0.000000 2691.109863 0.000000 0.414865 0.000000 0.909883 0.331523 0.331523 0.331523
5676.736816 0.000000 2657.587646 0.000000 0.354084 0.000000 0.935214 0.330881 0.330881 0.330881
5671.486328 0.000000 2683.752686 0.000000 0.201232 0.000000 0.979544 0.326688 0.326688 0.326688
5687.580566 0.000000 2684.805420 0.000000 0.002410 0.000000 0.999997 0.315054 0.315054 0.315054
5640.579102 0.000000 2691.225098 0.000000 0.434503 0.000000 0.900670 0.326926 0.326926 0.326926
5689.323242 0.000000 2688.098145 0.000000 0.386272 0.000000 0.922385 0.323837 0.323837 0.323837
5631.116211 0.000000 2730.999756 0.000000 0.392737 0.000000 0.919651 0.332815 0.332815 0.332815
5679.221680 0.000000 2751.952148 0.000000 0.001495 0.000000 0.999999 0.326895 0.326895 0.326895
5678.890137 0.000000 2747.504883 0.000000 0.568381 0.000000 0.822765 0.331678 0.331678 0.331678
5707.890137 0.000000 2761.982910 0.000000 0.385223 0.000000 0.922824 0.330590 0.330590 0.330590
5699.498047 0.000000 2768.491943 0.000000 0.153950 0.000000 0.988079 0.329396 0.329396 0.329396
"}
object={
	name="oak_generator_3_1"
	clamp_to_water_level=no
	render_under_water=no
	generated_content=yes
	layer="semidynamic_high"
	pdxmesh="oak_tree_02_mesh"
	count=32
	transform="5561.360352 0.000000 2609.537842 0.000000 0.593639 0.000000 0.804731 0.337374 0.337374 0.337374
5554.425293 0.000000 2600.435547 0.000000 0.932438 0.000000 0.361330 0.345074 0.345074 0.345074
5554.516602 0.000000 2614.312744 0.000000 0.754420 0.000000 0.656392 0.340646 0.340646 0.340646
5610.638672 0.000000 2648.713867 0.000000 0.712176 0.000000 0.702001 0.339596 0.339596 0.339596
5597.353516 0.000000 2653.215576 0.000000 0.747473 0.000000 0.664293 0.336954 0.336954 0.336954
5684.617188 0.000000 2651.638184 0.000000 0.670907 0.000000 0.741542 0.335876 0.335876 0.335876
5666.111328 0.000000 2686.380859 0.000000 0.656422 0.000000 0.754394 0.339507 0.339507 0.339507
5685.007812 0.000000 2695.916016 0.000000 0.908906 0.000000 0.417002 0.344475 0.344475 0.344475
5647.325195 0.000000 2689.774170 0.000000 0.645352 0.000000 0.763885 0.338112 0.338112 0.338112
5636.679688 0.000000 2707.380615 0.000000 0.608556 0.000000 0.793511 0.337346 0.337346 0.337346
5676.442383 0.000000 2661.278320 0.000000 0.940067 0.000000 0.340989 0.345242 0.345242 0.345242
5636.635742 0.000000 2667.168457 0.000000 0.917904 0.000000 0.396802 0.344349 0.344349 0.344349
5661.055664 0.000000 2660.779297 0.000000 0.936363 0.000000 0.351035 0.344891 0.344891 0.344891
5657.045410 0.000000 2666.657471 0.000000 0.946896 0.000000 0.321540 0.345409 0.345409 0.345409
5683.663574 0.000000 2655.934082 0.000000 0.598296 0.000000 0.801275 0.336275 0.336275 0.336275
5686.908203 0.000000 2666.639648 0.000000 0.732152 0.000000 0.681142 0.338575 0.338575 0.338575
5682.362305 0.000000 2689.463135 0.000000 0.761843 0.000000 0.647761 0.339379 0.339379 0.339379
5685.144531 0.000000 2664.086670 0.000000 0.722386 0.000000 0.691490 0.336590 0.336590 0.336590
5682.699707 0.000000 2685.818604 0.000000 0.945728 0.000000 0.324960 0.342958 0.342958 0.342958
5645.676758 0.000000 2691.759521 0.000000 0.717051 0.000000 0.697021 0.335646 0.335646 0.335646
5685.292480 0.000000 2684.332275 0.000000 0.621936 0.000000 0.783068 0.329956 0.329956 0.329956
5683.848633 0.000000 2691.440918 0.000000 0.931346 0.000000 0.364136 0.342542 0.342542 0.342542
5641.671875 0.000000 2692.847900 0.000000 0.881807 0.000000 0.471611 0.340902 0.340902 0.340902
5680.989258 0.000000 2686.332031 0.000000 0.785275 0.000000 0.619148 0.337807 0.337807 0.337807
5654.974121 0.000000 2685.605957 0.000000 0.839284 0.000000 0.543694 0.338397 0.338397 0.338397
5688.396973 0.000000 2686.762451 0.000000 0.897593 0.000000 0.440824 0.339828 0.339828 0.339828
5686.086914 0.000000 2685.961426 0.000000 0.623311 0.000000 0.781974 0.329995 0.329995 0.329995
5641.542969 0.000000 2691.274170 0.000000 0.637816 0.000000 0.770189 0.331909 0.331909 0.331909
5632.144043 0.000000 2739.650146 0.000000 0.588128 0.000000 0.808768 0.337694 0.337694 0.337694
5632.233887 0.000000 2724.693359 0.000000 0.654491 0.000000 0.756070 0.337902 0.337902 0.337902
5676.134277 0.000000 2746.231201 0.000000 0.901886 0.000000 0.431974 0.342838 0.342838 0.342838
5688.379395 0.000000 2782.115234 0.000000 0.869068 0.000000 0.494693 0.342223 0.342223 0.342223
"}
object={
	name="oak_generator_3_2"
	clamp_to_water_level=no
	render_under_water=no
	generated_content=yes
	layer="semidynamic_high"
	pdxmesh="oak_tree_03_mesh"
	count=31
	transform="5561.206055 0.000000 2607.907715 0.000000 0.977548 0.000000 -0.210713 0.353098 0.353098 0.353098
5553.824707 0.000000 2608.766602 0.000000 0.999964 0.000000 -0.008510 0.350125 0.350125 0.350125
5559.696777 0.000000 2607.567139 0.000000 0.970060 0.000000 -0.242866 0.353741 0.353741 0.353741
5581.340332 0.000000 2638.508057 0.000000 0.994995 0.000000 -0.099923 0.351351 0.351351 0.351351
5584.310547 0.000000 2645.876709 0.000000 0.994704 0.000000 0.102779 0.348561 0.348561 0.348561
5583.453125 0.000000 2647.256348 0.000000 0.999904 0.000000 -0.013851 0.350208 0.350208 0.350208
5581.130371 0.000000 2640.457520 0.000000 0.990930 0.000000 -0.134379 0.352173 0.352173 0.352173
5583.808594 0.000000 2642.452637 0.000000 0.985201 0.000000 -0.171403 0.352965 0.352965 0.352965
5590.338379 0.000000 2667.748047 0.000000 0.981063 0.000000 -0.193688 0.352810 0.352810 0.352810
5679.882812 0.000000 2659.789307 0.000000 0.998376 0.000000 -0.056961 0.350742 0.350742 0.350742
5638.054199 0.000000 2656.364258 0.000000 0.964481 0.000000 0.264154 0.346298 0.346298 0.346298
5652.575195 0.000000 2673.269775 0.000000 0.988191 0.000000 0.153226 0.347816 0.347816 0.347816
5660.834961 0.000000 2663.441406 0.000000 0.954585 0.000000 -0.297939 0.355009 0.355009 0.355009
5641.391113 0.000000 2689.329102 0.000000 0.953370 0.000000 0.301804 0.345031 0.345031 0.345031
5640.099121 0.000000 2690.155273 0.000000 0.994706 0.000000 0.102761 0.347882 0.347882 0.347882
5680.086914 0.000000 2690.447266 0.000000 0.971492 0.000000 -0.237072 0.354078 0.354078 0.354078
5685.988770 0.000000 2666.004883 0.000000 0.978205 0.000000 -0.207642 0.353628 0.353628 0.353628
5649.124023 0.000000 2674.767090 0.000000 0.999424 0.000000 0.033946 0.349427 0.349427 0.349427
5684.250488 0.000000 2664.666260 0.000000 0.987252 0.000000 -0.159167 0.352807 0.352807 0.352807
5689.844727 0.000000 2689.195312 0.000000 0.969651 0.000000 0.244493 0.344496 0.344496 0.344496
5682.001465 0.000000 2662.021484 0.000000 0.990084 0.000000 0.140473 0.347525 0.347525 0.347525
5682.309082 0.000000 2690.578125 0.000000 0.988187 0.000000 0.153256 0.346921 0.346921 0.346921
5655.371582 0.000000 2684.176758 0.000000 0.989978 0.000000 0.141222 0.347140 0.347140 0.347140
5684.704102 0.000000 2693.208984 0.000000 0.995083 0.000000 -0.099046 0.352211 0.352211 0.352211
5697.042969 0.000000 2687.266602 0.000000 0.986950 0.000000 -0.161028 0.352042 0.352042 0.352042
5631.554199 0.000000 2719.577881 0.000000 0.998895 0.000000 -0.047008 0.350869 0.350869 0.350869
5686.158691 0.000000 2743.309814 0.000000 0.998429 0.000000 -0.056039 0.350686 0.350686 0.350686
5632.049316 0.000000 2736.947510 0.000000 0.977614 0.000000 0.210407 0.346610 0.346610 0.346610
5712.554199 0.000000 2764.024902 0.000000 0.989534 0.000000 0.144301 0.347520 0.347520 0.347520
5717.486816 0.000000 2762.504150 0.000000 0.966390 0.000000 -0.257080 0.354703 0.354703 0.354703
5691.993164 0.000000 2784.278076 0.000000 0.967798 0.000000 0.251730 0.346531 0.346531 0.346531
"}
object={
	name="oak_generator_3_3"
	clamp_to_water_level=no
	render_under_water=no
	generated_content=yes
	layer="semidynamic_high"
	pdxmesh="oak_tree_04_mesh"
	count=25
	transform="5554.999023 0.000000 2605.624023 0.000000 0.950889 0.000000 -0.309531 0.354400 0.354400 0.354400
5559.353516 0.000000 2605.425049 0.000000 0.686914 0.000000 -0.726739 0.362014 0.362014 0.362014
5582.090820 0.000000 2642.315186 0.000000 0.859944 0.000000 -0.510388 0.359220 0.359220 0.359220
5678.693848 0.000000 2686.824219 0.000000 0.660799 0.000000 -0.750563 0.360422 0.360422 0.360422
5668.550293 0.000000 2685.559570 0.000000 0.855548 0.000000 -0.517724 0.356871 0.356871 0.356871
5642.166504 0.000000 2661.279297 0.000000 0.940753 0.000000 -0.339091 0.354383 0.354383 0.354383
5672.179688 0.000000 2682.950195 0.000000 0.657828 0.000000 -0.753168 0.361067 0.361067 0.361067
5664.801270 0.000000 2683.080811 0.000000 0.694021 0.000000 -0.719955 0.360359 0.360359 0.360359
5673.963379 0.000000 2662.294922 0.000000 0.670232 0.000000 -0.742151 0.361472 0.361472 0.361472
5691.429199 0.000000 2680.078125 0.000000 0.944809 0.000000 -0.327623 0.354594 0.354594 0.354594
5671.989746 0.000000 2680.669434 0.000000 0.674614 0.000000 -0.738171 0.361355 0.361355 0.361355
5650.930176 0.000000 2678.628174 0.000000 0.836547 0.000000 -0.547896 0.358563 0.358563 0.358563
5657.742188 0.000000 2683.816895 0.000000 0.864772 0.000000 -0.502165 0.358137 0.358137 0.358137
5680.177246 0.000000 2692.807617 0.000000 0.883404 0.000000 -0.468613 0.357479 0.357479 0.357479
5682.833984 0.000000 2663.345947 0.000000 0.669200 0.000000 -0.743083 0.364712 0.364712 0.364712
5689.725098 0.000000 2687.268311 0.000000 0.797403 0.000000 -0.603448 0.364434 0.364434 0.364434
5682.433594 0.000000 2692.524170 0.000000 0.903623 0.000000 -0.428328 0.357929 0.357929 0.357929
5656.998535 0.000000 2685.522461 0.000000 0.691864 0.000000 -0.722028 0.363675 0.363675 0.363675
5682.101562 0.000000 2687.710449 0.000000 0.923282 0.000000 -0.384124 0.356942 0.356942 0.356942
5664.311035 0.000000 2687.531494 0.000000 0.698698 0.000000 -0.715416 0.364280 0.364280 0.364280
5686.992676 0.000000 2686.458252 0.000000 0.771180 0.000000 -0.636617 0.365377 0.365377 0.365377
5688.313965 0.000000 2689.595703 0.000000 0.730023 0.000000 -0.683423 0.366766 0.366766 0.366766
5631.273438 0.000000 2722.641113 0.000000 0.911312 0.000000 -0.411717 0.355525 0.355525 0.355525
5683.609375 0.000000 2746.599121 0.000000 0.942767 0.000000 -0.333453 0.354887 0.354887 0.354887
5688.654297 0.000000 2784.947266 0.000000 0.753293 0.000000 -0.657686 0.359909 0.359909 0.359909
"}
object={
	name="oak_generator_3_4"
	clamp_to_water_level=no
	render_under_water=no
	generated_content=yes
	layer="semidynamic_high"
	pdxmesh="oak_tree_dense_01_mesh"
	count=32
	transform="5558.385254 0.000000 2602.190186 0.000000 0.001825 0.000000 -0.999998 0.369742 0.369742 0.369742
5597.034668 0.000000 2651.765137 0.000000 0.544606 0.000000 -0.838692 0.364778 0.364778 0.364778
5599.732910 0.000000 2651.098145 0.000000 0.178322 0.000000 -0.983972 0.370792 0.370792 0.370792
5597.209473 0.000000 2654.242432 0.000000 0.125266 0.000000 -0.992123 0.372162 0.372162 0.372162
5667.093262 0.000000 2677.141846 0.000000 0.276523 0.000000 -0.961007 0.367536 0.367536 0.367536
5668.560547 0.000000 2668.821289 0.000000 0.227590 0.000000 -0.973757 0.368516 0.368516 0.368516
5691.262207 0.000000 2676.901611 0.000000 0.462916 0.000000 -0.886402 0.364994 0.364994 0.364994
5674.375488 0.000000 2686.308838 0.000000 0.550705 0.000000 -0.834700 0.363764 0.363764 0.363764
5662.190918 0.000000 2691.819580 0.000000 0.554577 0.000000 -0.832133 0.364043 0.364043 0.364043
5689.728516 0.000000 2680.160400 0.000000 0.241190 0.000000 -0.970478 0.369541 0.369541 0.369541
5650.172363 0.000000 2679.912842 0.000000 0.176851 0.000000 -0.984238 0.370571 0.370571 0.370571
5643.583984 0.000000 2658.323242 0.000000 0.426984 0.000000 -0.904259 0.367175 0.367175 0.367175
5689.198730 0.000000 2681.500977 0.000000 0.569304 0.000000 -0.822127 0.364210 0.364210 0.364210
5652.958984 0.000000 2680.435303 0.000000 0.444371 0.000000 -0.895843 0.366445 0.366445 0.366445
5683.583984 0.000000 2659.341553 0.000000 0.207330 0.000000 -0.978271 0.371421 0.371421 0.371421
5683.716797 0.000000 2657.017822 0.000000 0.083062 0.000000 -0.996544 0.376778 0.376778 0.376778
5659.200684 0.000000 2665.395752 0.000000 0.084388 0.000000 -0.996433 0.376624 0.376624 0.376624
5643.804688 0.000000 2689.259521 0.000000 0.204507 0.000000 -0.978865 0.374746 0.374746 0.374746
5685.687012 0.000000 2690.794678 0.000000 0.435618 0.000000 -0.900132 0.374957 0.374957 0.374957
5689.056152 0.000000 2691.169189 0.000000 0.561958 0.000000 -0.827166 0.368086 0.368086 0.368086
5684.538086 0.000000 2684.925781 0.000000 0.368574 0.000000 -0.929598 0.376589 0.376589 0.376589
5684.764648 0.000000 2691.733154 0.000000 0.578778 0.000000 -0.815485 0.371247 0.371247 0.371247
5631.163574 0.000000 2743.924561 0.000000 0.371069 0.000000 -0.928605 0.365033 0.365033 0.365033
5628.201172 0.000000 2731.840576 0.000000 0.567124 0.000000 -0.823633 0.363699 0.363699 0.363699
5630.208984 0.000000 2747.910645 0.000000 0.279064 0.000000 -0.960273 0.368738 0.368738 0.368738
5630.358398 0.000000 2718.121826 0.000000 0.514841 0.000000 -0.857285 0.369035 0.369035 0.369035
5630.436523 0.000000 2721.772217 0.000000 0.571443 0.000000 -0.820642 0.366274 0.366274 0.366274
5630.515625 0.000000 2719.096924 0.000000 0.364291 0.000000 -0.931285 0.372138 0.372138 0.372138
5686.904297 0.000000 2747.558350 0.000000 0.548705 0.000000 -0.836016 0.364879 0.364879 0.364879
5715.343262 0.000000 2762.851074 0.000000 0.559281 0.000000 -0.828978 0.363876 0.363876 0.363876
5715.158691 0.000000 2765.581055 0.000000 0.533727 0.000000 -0.845657 0.368272 0.368272 0.368272
5699.050781 0.000000 2771.128662 0.000000 0.106191 0.000000 -0.994346 0.370985 0.370985 0.370985
"}
