object={
	name="oak_generator_2_0"
	clamp_to_water_level=no
	render_under_water=no
	generated_content=yes
	layer="semidynamic_medium"
	pdxmesh="oak_tree_01_mesh"
	count=10
	transform="5553.687988 0.000000 2607.233887 0.000000 0.331772 0.000000 0.943359 0.332013 0.332013 0.332013
5609.064941 0.000000 2649.986816 0.000000 0.011427 0.000000 0.999935 0.329970 0.329970 0.329970
5601.062500 0.000000 2650.355225 0.000000 0.151593 0.000000 0.988443 0.331282 0.331282 0.331282
5582.401855 0.000000 2639.977051 0.000000 0.563456 0.000000 0.826146 0.336238 0.336238 0.336238
5595.673340 0.000000 2651.054688 0.000000 0.117372 0.000000 0.993088 0.330763 0.330763 0.330763
5583.799805 0.000000 2641.344971 0.000000 0.047166 0.000000 0.998887 0.323840 0.323840 0.323840
5598.288086 0.000000 2652.743652 0.000000 0.402679 0.000000 0.915341 0.332722 0.332722 0.332722
5581.681641 0.000000 2643.950195 0.000000 0.216232 0.000000 0.976342 0.328190 0.328190 0.328190
5597.958984 0.000000 2664.966064 0.000000 0.556842 0.000000 0.830618 0.337452 0.337452 0.337452
5597.096680 0.000000 2655.161865 0.000000 0.036086 0.000000 0.999349 0.326465 0.326465 0.326465
"}
object={
	name="oak_generator_2_1"
	clamp_to_water_level=no
	render_under_water=no
	generated_content=yes
	layer="semidynamic_medium"
	pdxmesh="oak_tree_02_mesh"
	count=5
	transform="5556.003906 0.000000 2601.608887 0.000000 0.860674 0.000000 0.509156 0.343372 0.343372 0.343372
5551.447754 0.000000 2610.967041 0.000000 0.913985 0.000000 0.405749 0.344487 0.344487 0.344487
5583.354980 0.000000 2644.503418 0.000000 0.794534 0.000000 0.607219 0.338625 0.338625 0.338625
5595.966309 0.000000 2664.378662 0.000000 0.866609 0.000000 0.498989 0.342468 0.342468 0.342468
5640.993164 0.000000 2657.892334 0.000000 0.748685 0.000000 0.662926 0.338950 0.338950 0.338950
"}
object={
	name="oak_generator_2_2"
	clamp_to_water_level=no
	render_under_water=no
	generated_content=yes
	layer="semidynamic_medium"
	pdxmesh="oak_tree_03_mesh"
	count=9
	transform="5555.914062 0.000000 2604.069580 0.000000 0.997552 0.000000 0.069934 0.349021 0.349021 0.349021
5559.794922 0.000000 2611.287354 0.000000 0.986192 0.000000 0.165604 0.347805 0.347805 0.347805
5552.943848 0.000000 2609.869629 0.000000 0.993436 0.000000 0.114387 0.348317 0.348317 0.348317
5603.689941 0.000000 2649.882812 0.000000 0.998076 0.000000 -0.061996 0.350824 0.350824 0.350824
5611.596680 0.000000 2646.822754 0.000000 0.996637 0.000000 0.081942 0.348903 0.348903 0.348903
5594.529785 0.000000 2653.687988 0.000000 0.999476 0.000000 0.032369 0.349471 0.349471 0.349471
5589.668945 0.000000 2664.554443 0.000000 0.992848 0.000000 -0.119385 0.351438 0.351438 0.351438
5636.047852 0.000000 2663.115723 0.000000 0.999926 0.000000 0.012137 0.349857 0.349857 0.349857
5634.199219 0.000000 2661.877930 0.000000 0.962087 0.000000 0.272742 0.346222 0.346222 0.346222
"}
object={
	name="oak_generator_2_3"
	clamp_to_water_level=no
	render_under_water=no
	generated_content=yes
	layer="semidynamic_medium"
	pdxmesh="oak_tree_04_mesh"
	count=14
	transform="5554.318359 0.000000 2598.487061 0.000000 0.847787 0.000000 -0.530337 0.356716 0.356716 0.356716
5556.463867 0.000000 2613.363037 0.000000 0.859891 0.000000 -0.510478 0.356624 0.356624 0.356624
5557.566895 0.000000 2610.743408 0.000000 0.807487 0.000000 -0.589885 0.358049 0.358049 0.358049
5557.428223 0.000000 2616.122559 0.000000 0.883240 0.000000 -0.468921 0.356269 0.356269 0.356269
5601.947754 0.000000 2647.754883 0.000000 0.790850 0.000000 -0.612010 0.357855 0.357855 0.357855
5580.970703 0.000000 2645.267090 0.000000 0.752299 0.000000 -0.658822 0.360338 0.360338 0.360338
5595.159668 0.000000 2652.409668 0.000000 0.884722 0.000000 -0.466119 0.357923 0.357923 0.357923
5582.365723 0.000000 2641.278564 0.000000 0.707053 0.000000 -0.707160 0.363487 0.363487 0.363487
5596.431641 0.000000 2662.273438 0.000000 0.661349 0.000000 -0.750078 0.360783 0.360783 0.360783
5592.077637 0.000000 2664.162109 0.000000 0.931216 0.000000 -0.364469 0.355379 0.355379 0.355379
5637.119141 0.000000 2671.199951 0.000000 0.749194 0.000000 -0.662350 0.358666 0.358666 0.358666
5641.795410 0.000000 2654.790039 0.000000 0.779896 0.000000 -0.625909 0.358628 0.358628 0.358628
5645.612305 0.000000 2657.894287 0.000000 0.627657 0.000000 -0.778490 0.361500 0.361500 0.361500
5642.256348 0.000000 2658.996338 0.000000 0.741970 0.000000 -0.670433 0.361172 0.361172 0.361172
"}
object={
	name="oak_generator_2_4"
	clamp_to_water_level=no
	render_under_water=no
	generated_content=yes
	layer="semidynamic_medium"
	pdxmesh="oak_tree_dense_01_mesh"
	count=6
	transform="5562.807129 0.000000 2604.935791 0.000000 0.297632 0.000000 -0.954681 0.364244 0.364244 0.364244
5557.994141 0.000000 2619.567383 0.000000 0.378207 0.000000 -0.925721 0.363851 0.363851 0.363851
5551.645996 0.000000 2605.979248 0.000000 0.351315 0.000000 -0.936257 0.366783 0.366783 0.366783
5554.317871 0.000000 2602.734375 0.000000 0.246054 0.000000 -0.969256 0.368947 0.368947 0.368947
5556.916016 0.000000 2605.644287 0.000000 0.498050 0.000000 -0.867148 0.366002 0.366002 0.366002
5638.475098 0.000000 2669.356201 0.000000 0.306778 0.000000 -0.951781 0.366611 0.366611 0.366611
"}
