object={
	name="oak_generator_1_0"
	clamp_to_water_level=no
	render_under_water=no
	generated_content=yes
	layer="semidynamic"
	pdxmesh="oak_tree_01_mesh"
	count=7
	transform="5549.516602 0.000000 2613.014648 0.000000 0.189652 0.000000 0.981851 0.334143 0.334143 0.334143
5558.255859 0.000000 2607.041260 0.000000 0.454160 0.000000 0.890920 0.333237 0.333237 0.333237
5583.130859 0.000000 2637.653076 0.000000 0.023316 0.000000 0.999728 0.331408 0.331408 0.331408
5609.322754 0.000000 2646.556885 0.000000 0.292663 0.000000 0.956216 0.333861 0.333861 0.333861
5596.380371 0.000000 2653.131592 0.000000 0.587747 0.000000 0.809044 0.333076 0.333076 0.333076
5636.458496 0.000000 2652.747314 0.000000 0.541107 0.000000 0.840954 0.338695 0.338695 0.338695
5644.978516 0.000000 2655.501709 0.000000 0.389852 0.000000 0.920878 0.336757 0.336757 0.336757
"}
object={
	name="oak_generator_1_1"
	clamp_to_water_level=no
	render_under_water=no
	generated_content=yes
	layer="semidynamic"
	pdxmesh="oak_tree_02_mesh"
	count=5
	transform="5585.360840 0.000000 2644.441650 0.000000 0.616946 0.000000 0.787005 0.337334 0.337334 0.337334
5596.793945 0.000000 2657.607422 0.000000 0.715077 0.000000 0.699046 0.340362 0.340362 0.340362
5591.408203 0.000000 2666.603760 0.000000 0.696581 0.000000 0.717479 0.338463 0.338463 0.338463
5633.451172 0.000000 2666.941162 0.000000 0.889681 0.000000 0.456583 0.344303 0.344303 0.344303
5642.564941 0.000000 2657.314453 0.000000 0.886670 0.000000 0.462402 0.343216 0.343216 0.343216
"}
object={
	name="oak_generator_1_2"
	clamp_to_water_level=no
	render_under_water=no
	generated_content=yes
	layer="semidynamic"
	pdxmesh="oak_tree_03_mesh"
	count=5
	transform="5552.205566 0.000000 2598.255615 0.000000 0.967817 0.000000 0.251655 0.347055 0.347055 0.347055
5598.236816 0.000000 2650.811035 0.000000 0.954893 0.000000 0.296949 0.345495 0.345495 0.345495
5580.083496 0.000000 2643.795166 0.000000 0.999437 0.000000 -0.033558 0.350541 0.350541 0.350541
5590.782715 0.000000 2662.069092 0.000000 0.999273 0.000000 0.038130 0.349475 0.349475 0.349475
5641.641113 0.000000 2651.468994 0.000000 0.972773 0.000000 -0.231759 0.353086 0.353086 0.353086
"}
object={
	name="oak_generator_1_3"
	clamp_to_water_level=no
	render_under_water=no
	generated_content=yes
	layer="semidynamic"
	pdxmesh="oak_tree_04_mesh"
	count=9
	transform="5554.842773 0.000000 2616.151123 0.000000 0.900401 0.000000 -0.435062 0.355939 0.355939 0.355939
5558.173828 0.000000 2604.465576 0.000000 0.861708 0.000000 -0.507405 0.357859 0.357859 0.357859
5551.663086 0.000000 2608.293213 0.000000 0.814999 0.000000 -0.579463 0.358668 0.358668 0.358668
5612.662598 0.000000 2648.861328 0.000000 0.614758 0.000000 -0.788716 0.361037 0.361037 0.361037
5582.875488 0.000000 2643.043213 0.000000 0.702069 0.000000 -0.712109 0.363642 0.363642 0.363642
5582.604980 0.000000 2645.858154 0.000000 0.718959 0.000000 -0.695052 0.363396 0.363396 0.363396
5581.139648 0.000000 2641.825928 0.000000 0.782039 0.000000 -0.623229 0.360848 0.360848 0.360848
5590.937012 0.000000 2669.192871 0.000000 0.934528 0.000000 -0.355890 0.355182 0.355182 0.355182
5632.098633 0.000000 2661.714600 0.000000 0.762675 0.000000 -0.646782 0.359403 0.359403 0.359403
"}
object={
	name="oak_generator_1_4"
	clamp_to_water_level=no
	render_under_water=no
	generated_content=yes
	layer="semidynamic"
	pdxmesh="oak_tree_dense_01_mesh"
	count=7
	transform="5548.062988 0.000000 2607.270264 0.000000 0.161383 0.000000 -0.986892 0.367294 0.367294 0.367294
5552.746582 0.000000 2601.518799 0.000000 0.059852 0.000000 -0.998207 0.370529 0.370529 0.370529
5560.473633 0.000000 2606.412109 0.000000 0.117472 0.000000 -0.993076 0.371203 0.371203 0.371203
5584.971680 0.000000 2647.458252 0.000000 0.303917 0.000000 -0.952699 0.367202 0.367202 0.367202
5594.122559 0.000000 2665.573975 0.000000 0.432169 0.000000 -0.901792 0.366204 0.366204 0.366204
5593.706543 0.000000 2668.405029 0.000000 0.488777 0.000000 -0.872409 0.364451 0.364451 0.364451
5638.330566 0.000000 2666.862549 0.000000 0.493008 0.000000 -0.870025 0.363278 0.363278 0.363278
"}
