object={
	name="palm_dense_generator_3_0"
	clamp_to_water_level=no
	render_under_water=no
	generated_content=yes
	layer="semidynamic_high"
	pdxmesh="tree_palm_01_mesh"
	count=27
	transform="5621.789062 0.000000 2585.240723 0.000000 0.116967 0.000000 0.993136 0.210959 0.210959 0.210959
5620.629395 0.000000 2583.997070 0.000000 0.766214 0.000000 0.642586 0.737670 0.737670 0.737670
5623.349609 0.000000 2582.266846 0.000000 0.627989 0.000000 0.778222 0.565980 0.565980 0.565980
5621.139160 0.000000 2581.791992 0.000000 0.182766 0.000000 0.983157 0.706221 0.706221 0.706221
5681.324707 0.000000 2577.394043 0.000000 0.714976 0.000000 0.699149 0.364024 0.364024 0.364024
5664.754395 0.000000 2592.297852 0.000000 0.180787 0.000000 0.983522 0.294537 0.294537 0.294537
5667.429199 0.000000 2591.967773 0.000000 0.304573 0.000000 0.952489 0.331609 0.331609 0.331609
5683.083008 0.000000 2574.211182 0.000000 0.585562 0.000000 0.810628 0.365858 0.365858 0.365858
5677.887207 0.000000 2581.028809 0.000000 0.784108 0.000000 0.620625 0.406412 0.406412 0.406412
5682.309082 0.000000 2577.609375 0.000000 0.590127 0.000000 0.807310 0.768683 0.768683 0.768683
5648.566406 0.000000 2572.979980 0.000000 0.552895 0.000000 0.833251 0.937295 0.937295 0.937295
5649.608887 0.000000 2573.914307 0.000000 0.636295 0.000000 0.771445 0.943907 0.943907 0.943907
5646.694824 0.000000 2572.247559 0.000000 0.601317 0.000000 0.799010 0.941071 0.941071 0.941071
5648.707031 0.000000 2575.662354 0.000000 0.853252 0.000000 0.521499 0.965075 0.965075 0.965075
5651.177734 0.000000 2576.578613 0.000000 0.407264 0.000000 0.913310 0.912906 0.912906 0.912906
5662.961914 0.000000 2599.242676 0.000000 0.179940 0.000000 0.983678 0.217378 0.217378 0.217378
5640.614258 0.000000 2611.810059 0.000000 0.387192 0.000000 0.921999 0.261434 0.261434 0.261434
5663.888672 0.000000 2619.825439 0.000000 0.010206 0.000000 0.999948 0.203702 0.203702 0.203702
5642.618164 0.000000 2611.825684 0.000000 0.326235 0.000000 0.945289 0.272280 0.272280 0.272280
5644.970703 0.000000 2645.267090 0.000000 0.470731 0.000000 0.882277 0.311008 0.311008 0.311008
5663.967773 0.000000 2616.480957 0.000000 0.694158 0.000000 0.719823 0.358871 0.358871 0.358871
5654.338379 0.000000 2611.263672 0.000000 0.775479 0.000000 0.631374 0.382545 0.382545 0.382545
5657.534668 0.000000 2607.843262 0.000000 0.802392 0.000000 0.596797 0.398220 0.398220 0.398220
5645.676758 0.000000 2635.275146 0.000000 0.736017 0.000000 0.676963 0.669217 0.669217 0.669217
5634.988770 0.000000 2614.687744 0.000000 0.530315 0.000000 0.847801 0.656710 0.656710 0.656710
5645.445801 0.000000 2631.808350 0.000000 0.439364 0.000000 0.898309 0.820612 0.820612 0.820612
5644.309082 0.000000 2631.629150 0.000000 0.612973 0.000000 0.790104 0.849954 0.849954 0.849954
"}
object={
	name="palm_dense_generator_3_1"
	clamp_to_water_level=no
	render_under_water=no
	generated_content=yes
	layer="semidynamic_high"
	pdxmesh="tree_palm_02_mesh"
	count=31
	transform="5617.244629 0.000000 2578.849121 0.000000 0.962198 0.000000 -0.272352 0.586047 0.586047 0.586047
5611.818848 0.000000 2579.298828 0.000000 0.927170 0.000000 0.374640 0.442622 0.442622 0.442622
5616.177246 0.000000 2579.838867 0.000000 0.892319 0.000000 -0.451406 0.615309 0.615309 0.615309
5620.024414 0.000000 2582.116699 0.000000 0.949668 0.000000 -0.313259 0.898430 0.898430 0.898430
5612.419434 0.000000 2578.551758 0.000000 0.884533 0.000000 -0.466477 1.050523 1.050523 1.050523
5620.704102 0.000000 2580.240234 0.000000 0.978087 0.000000 -0.208195 0.948488 0.948488 0.948488
5652.841797 0.000000 2576.363037 0.000000 0.999281 0.000000 0.037909 0.494022 0.494022 0.494022
5661.209473 0.000000 2597.758057 0.000000 0.999904 0.000000 -0.013863 0.502175 0.502175 0.502175
5653.353516 0.000000 2577.686768 0.000000 0.875444 0.000000 -0.483319 0.579529 0.579529 0.579529
5638.966309 0.000000 2589.666748 0.000000 0.981994 0.000000 -0.188910 0.677545 0.677545 0.677545
5663.826172 0.000000 2593.372803 0.000000 0.996817 0.000000 0.079718 0.624495 0.624495 0.624495
5665.498047 0.000000 2590.011719 0.000000 0.927298 0.000000 -0.374325 0.633024 0.633024 0.633024
5638.282227 0.000000 2587.851318 0.000000 0.979855 0.000000 0.199710 0.639106 0.639106 0.639106
5647.974609 0.000000 2574.440186 0.000000 0.979752 0.000000 -0.200213 0.990230 0.990230 0.990230
5647.213379 0.000000 2574.910156 0.000000 0.984642 0.000000 0.174585 0.935150 0.935150 0.935150
5647.908203 0.000000 2573.484619 0.000000 0.999718 0.000000 -0.023744 1.001512 1.001512 1.001512
5643.941895 0.000000 2640.085205 0.000000 0.936569 0.000000 0.350484 0.422894 0.422894 0.422894
5643.406250 0.000000 2631.352051 0.000000 0.980259 0.000000 -0.197717 0.542111 0.542111 0.542111
5657.661133 0.000000 2601.347412 0.000000 0.998356 0.000000 -0.057324 0.512006 0.512006 0.512006
5644.112305 0.000000 2613.187988 0.000000 0.971625 0.000000 -0.236527 0.549629 0.549629 0.549629
5637.141602 0.000000 2623.787598 0.000000 0.883012 0.000000 -0.469351 0.596052 0.596052 0.596052
5653.422363 0.000000 2622.636230 0.000000 0.869721 0.000000 0.493544 0.401614 0.401614 0.401614
5644.080078 0.000000 2629.570068 0.000000 0.894646 0.000000 0.446775 0.416226 0.416226 0.416226
5658.057129 0.000000 2633.744385 0.000000 0.980714 0.000000 0.195449 0.463535 0.463535 0.463535
5645.317383 0.000000 2651.508545 0.000000 0.873581 0.000000 0.486679 0.407303 0.407303 0.407303
5644.617676 0.000000 2614.928467 0.000000 0.970129 0.000000 -0.242589 0.540099 0.540099 0.540099
5659.133789 0.000000 2601.811523 0.000000 0.951245 0.000000 0.308437 0.447514 0.447514 0.447514
5645.681641 0.000000 2643.950195 0.000000 0.977424 0.000000 0.211289 0.464841 0.464841 0.464841
5634.058594 0.000000 2616.720703 0.000000 0.980942 0.000000 0.194302 0.485684 0.485684 0.485684
5641.122070 0.000000 2645.342773 0.000000 0.991631 0.000000 -0.129106 0.558823 0.558823 0.558823
5644.186523 0.000000 2630.642578 0.000000 0.999682 0.000000 -0.025222 0.984004 0.984004 0.984004
"}
object={
	name="palm_dense_generator_3_2"
	clamp_to_water_level=no
	render_under_water=no
	generated_content=yes
	layer="semidynamic_high"
	pdxmesh="tree_palm_03_mesh"
	count=27
	transform="5614.671387 0.000000 2575.333496 0.000000 0.297163 0.000000 -0.954827 0.712435 0.712435 0.712435
5610.544434 0.000000 2578.649902 0.000000 0.602343 0.000000 -0.798237 0.638117 0.638117 0.638117
5616.086914 0.000000 2577.478516 0.000000 0.359356 0.000000 -0.933201 1.024832 1.024832 1.024832
5614.491211 0.000000 2578.939941 0.000000 0.247720 0.000000 -0.968832 1.091976 1.091976 1.091976
5613.417480 0.000000 2576.998291 0.000000 0.361562 0.000000 -0.932348 1.166388 1.166388 1.166388
5615.242188 0.000000 2577.289551 0.000000 0.369685 0.000000 -0.929157 1.075893 1.075893 1.075893
5649.862305 0.000000 2578.124268 0.000000 0.532145 0.000000 -0.846653 0.682623 0.682623 0.682623
5678.049316 0.000000 2579.710449 0.000000 0.718700 0.000000 -0.695320 0.618003 0.618003 0.618003
5677.039062 0.000000 2579.220215 0.000000 0.528178 0.000000 -0.849133 0.825158 0.825158 0.825158
5648.272461 0.000000 2576.352295 0.000000 0.824805 0.000000 -0.565417 1.081465 1.081465 1.081465
5647.065918 0.000000 2575.869141 0.000000 0.260607 0.000000 -0.965445 1.151729 1.151729 1.151729
5649.493652 0.000000 2577.327148 0.000000 0.620341 0.000000 -0.784332 1.122226 1.122226 1.122226
5649.883301 0.000000 2575.901855 0.000000 0.236590 0.000000 -0.971610 1.084794 1.084794 1.084794
5648.707031 0.000000 2574.724609 0.000000 0.611794 0.000000 -0.791017 1.058090 1.058090 1.058090
5661.237305 0.000000 2631.803467 0.000000 0.247575 0.000000 -0.968869 0.783376 0.783376 0.783376
5655.935547 0.000000 2635.336426 0.000000 0.022842 0.000000 -0.999739 0.813607 0.813607 0.813607
5636.248535 0.000000 2619.581055 0.000000 0.506055 0.000000 -0.862501 0.705284 0.705284 0.705284
5659.528320 0.000000 2632.820557 0.000000 0.542626 0.000000 -0.839975 0.684856 0.684856 0.684856
5662.725586 0.000000 2601.873779 0.000000 0.518768 0.000000 -0.854915 0.687003 0.687003 0.687003
5643.084961 0.000000 2608.659912 0.000000 0.405088 0.000000 -0.914278 0.719048 0.719048 0.719048
5664.594727 0.000000 2617.919678 0.000000 0.461093 0.000000 -0.887352 0.689262 0.689262 0.689262
5655.560547 0.000000 2615.807129 0.000000 0.578018 0.000000 -0.816024 0.657632 0.657632 0.657632
5655.062012 0.000000 2614.402832 0.000000 0.484579 0.000000 -0.874748 0.675867 0.675867 0.675867
5635.455566 0.000000 2616.962402 0.000000 0.716044 0.000000 -0.698055 0.629384 0.629384 0.629384
5636.788086 0.000000 2620.781982 0.000000 0.085673 0.000000 -0.996323 0.719665 0.719665 0.719665
5634.597656 0.000000 2611.746338 0.000000 0.356545 0.000000 -0.934278 0.771471 0.771471 0.771471
5646.938965 0.000000 2629.511230 0.000000 0.162298 0.000000 -0.986742 1.178111 1.178111 1.178111
"}
