object={
	name="palm_dense_generator_2_0"
	clamp_to_water_level=no
	render_under_water=no
	generated_content=yes
	layer="semidynamic_medium"
	pdxmesh="tree_palm_01_mesh"
	count=22
	transform="5662.953613 0.000000 2598.049316 0.000000 0.732122 0.000000 0.681173 0.347621 0.347621 0.347621
5671.299805 0.000000 2588.176270 0.000000 0.256541 0.000000 0.966533 0.280488 0.280488 0.280488
5637.572266 0.000000 2588.727783 0.000000 0.081599 0.000000 0.996665 0.250733 0.250733 0.250733
5650.362793 0.000000 2574.433350 0.000000 0.045161 0.000000 0.998980 0.375576 0.375576 0.375576
5647.217285 0.000000 2573.945312 0.000000 0.864833 0.000000 0.502060 0.966515 0.966515 0.966515
5682.362305 0.000000 2576.494385 0.000000 0.627454 0.000000 0.778654 0.775850 0.775850 0.775850
5639.386719 0.000000 2587.012451 0.000000 0.338382 0.000000 0.941009 0.473687 0.473687 0.473687
5650.317871 0.000000 2577.039551 0.000000 0.555214 0.000000 0.831708 0.925703 0.925703 0.925703
5650.823242 0.000000 2577.935303 0.000000 0.411326 0.000000 0.911488 0.913243 0.913243 0.913243
5661.530273 0.000000 2625.573730 0.000000 0.609871 0.000000 0.792501 0.309850 0.309850 0.309850
5660.431641 0.000000 2605.789062 0.000000 0.841805 0.000000 0.539782 0.386193 0.386193 0.386193
5657.681152 0.000000 2632.058838 0.000000 0.648373 0.000000 0.761323 0.325981 0.325981 0.325981
5662.952637 0.000000 2617.793457 0.000000 0.605491 0.000000 0.795852 0.338346 0.338346 0.338346
5646.686523 0.000000 2612.872803 0.000000 0.653062 0.000000 0.757304 0.338162 0.338162 0.338162
5656.077637 0.000000 2607.677734 0.000000 0.451735 0.000000 0.892152 0.324597 0.324597 0.324597
5645.487793 0.000000 2608.297852 0.000000 0.197062 0.000000 0.980391 0.239426 0.239426 0.239426
5659.443848 0.000000 2630.546143 0.000000 0.782317 0.000000 0.622881 0.390463 0.390463 0.390463
5658.957520 0.000000 2604.907959 0.000000 0.002004 0.000000 0.999998 0.244444 0.244444 0.244444
5647.974609 0.000000 2631.841064 0.000000 0.851965 0.000000 0.523598 0.418486 0.418486 0.418486
5657.045410 0.000000 2610.173096 0.000000 0.171639 0.000000 0.985160 0.299209 0.299209 0.299209
5647.217285 0.000000 2630.429688 0.000000 0.648137 0.000000 0.761524 0.371951 0.371951 0.371951
5656.631836 0.000000 2608.894043 0.000000 0.183044 0.000000 0.983105 0.623341 0.623341 0.623341
"}
object={
	name="palm_dense_generator_2_1"
	clamp_to_water_level=no
	render_under_water=no
	generated_content=yes
	layer="semidynamic_medium"
	pdxmesh="tree_palm_02_mesh"
	count=25
	transform="5620.122559 0.000000 2579.461914 0.000000 0.998322 0.000000 0.057915 0.490821 0.490821 0.490821
5622.203613 0.000000 2582.127441 0.000000 0.981088 0.000000 -0.193563 0.742412 0.742412 0.742412
5621.635254 0.000000 2580.319580 0.000000 0.896153 0.000000 0.443745 0.846906 0.846906 0.846906
5621.881348 0.000000 2583.956543 0.000000 0.999974 0.000000 0.007272 0.846889 0.846889 0.846889
5614.890137 0.000000 2578.051758 0.000000 0.993819 0.000000 0.111015 0.992251 0.992251 0.992251
5650.817383 0.000000 2572.240723 0.000000 0.992953 0.000000 -0.118507 0.524777 0.524777 0.524777
5665.062500 0.000000 2593.870850 0.000000 0.992990 0.000000 0.118202 0.478038 0.478038 0.478038
5652.984863 0.000000 2578.994873 0.000000 0.980722 0.000000 0.195409 0.466931 0.466931 0.466931
5679.085449 0.000000 2580.625000 0.000000 0.933858 0.000000 -0.357645 0.563141 0.563141 0.563141
5639.260254 0.000000 2588.401367 0.000000 0.915615 0.000000 0.402056 0.580687 0.580687 0.580687
5649.688477 0.000000 2570.023682 0.000000 0.963859 0.000000 0.266413 0.725929 0.725929 0.725929
5683.609375 0.000000 2577.145996 0.000000 0.920198 0.000000 -0.391454 0.973014 0.973014 0.973014
5675.818848 0.000000 2579.298828 0.000000 0.991917 0.000000 -0.126889 0.726533 0.726533 0.726533
5649.977051 0.000000 2571.266113 0.000000 0.870396 0.000000 0.492353 0.686227 0.686227 0.686227
5660.947754 0.000000 2628.353027 0.000000 0.995252 0.000000 0.097329 0.482149 0.482149 0.482149
5659.678223 0.000000 2603.295410 0.000000 0.944558 0.000000 0.328345 0.439488 0.439488 0.439488
5665.641602 0.000000 2616.359863 0.000000 0.921481 0.000000 -0.388424 0.569167 0.569167 0.569167
5658.165527 0.000000 2606.539062 0.000000 0.878978 0.000000 0.476863 0.418653 0.418653 0.418653
5662.609375 0.000000 2623.943848 0.000000 0.993669 0.000000 0.112347 0.522165 0.522165 0.522165
5659.120117 0.000000 2600.229980 0.000000 0.918599 0.000000 -0.395191 0.568008 0.568008 0.568008
5635.095703 0.000000 2613.731445 0.000000 0.997528 0.000000 0.070271 0.513984 0.513984 0.513984
5656.512695 0.000000 2606.014160 0.000000 0.937407 0.000000 0.348234 0.443391 0.443391 0.443391
5663.972656 0.000000 2622.662109 0.000000 0.911401 0.000000 -0.411520 0.603447 0.603447 0.603447
5656.030273 0.000000 2611.586426 0.000000 0.988557 0.000000 0.150848 0.482627 0.482627 0.482627
5637.850586 0.000000 2616.059570 0.000000 0.879260 0.000000 -0.476342 0.686275 0.686275 0.686275
"}
object={
	name="palm_dense_generator_2_2"
	clamp_to_water_level=no
	render_under_water=no
	generated_content=yes
	layer="semidynamic_medium"
	pdxmesh="tree_palm_03_mesh"
	count=19
	transform="5616.564941 0.000000 2576.389893 0.000000 0.399704 0.000000 -0.916644 1.017890 1.017890 1.017890
5615.144043 0.000000 2579.521484 0.000000 0.854292 0.000000 -0.519793 1.038073 1.038073 1.038073
5614.263184 0.000000 2576.174805 0.000000 0.402703 0.000000 -0.915331 1.073614 1.073614 1.073614
5683.318359 0.000000 2575.438232 0.000000 0.592884 0.000000 -0.805288 0.642613 0.642613 0.642613
5650.728027 0.000000 2575.954834 0.000000 0.327303 0.000000 -0.944919 0.813978 0.813978 0.813978
5651.524902 0.000000 2578.730713 0.000000 0.469523 0.000000 -0.882920 0.757469 0.757469 0.757469
5674.544434 0.000000 2578.649902 0.000000 0.605766 0.000000 -0.795643 0.855214 0.855214 0.855214
5649.357910 0.000000 2575.212646 0.000000 0.807942 0.000000 -0.589262 1.040116 1.040116 1.040116
5648.512207 0.000000 2577.542236 0.000000 0.543510 0.000000 -0.839403 1.135045 1.135045 1.135045
5646.050293 0.000000 2573.949951 0.000000 0.155940 0.000000 -0.987767 1.090032 1.090032 1.090032
5651.823730 0.000000 2576.061279 0.000000 0.491660 0.000000 -0.870787 1.079942 1.079942 1.079942
5646.938965 0.000000 2573.026855 0.000000 0.689328 0.000000 -0.724449 1.051581 1.051581 1.051581
5646.220703 0.000000 2615.362061 0.000000 0.554786 0.000000 -0.831993 0.704240 0.704240 0.704240
5652.984863 0.000000 2635.479248 0.000000 0.732153 0.000000 -0.681140 0.642268 0.642268 0.642268
5659.966309 0.000000 2607.894287 0.000000 0.114046 0.000000 -0.993475 0.738355 0.738355 0.738355
5633.654297 0.000000 2612.639404 0.000000 0.693820 0.000000 -0.720148 0.632178 0.632178 0.632178
5651.881836 0.000000 2636.818848 0.000000 0.730664 0.000000 -0.682737 0.616228 0.616228 0.616228
5635.049316 0.000000 2610.552002 0.000000 0.838051 0.000000 -0.545592 0.673344 0.673344 0.673344
5635.978516 0.000000 2614.499268 0.000000 0.828113 0.000000 -0.560560 0.913852 0.913852 0.913852
"}
