object={
	name="palm_dense_generator_1_0"
	clamp_to_water_level=no
	render_under_water=no
	generated_content=yes
	layer="semidynamic"
	pdxmesh="tree_palm_01_mesh"
	count=16
	transform="5617.324707 0.000000 2577.394043 0.000000 0.815397 0.000000 0.578902 0.735074 0.735074 0.735074
5681.272949 0.000000 2575.421875 0.000000 0.814314 0.000000 0.580424 0.387530 0.387530 0.387530
5648.244141 0.000000 2570.994629 0.000000 0.825331 0.000000 0.564650 0.672424 0.672424 0.672424
5674.678223 0.000000 2579.971924 0.000000 0.739309 0.000000 0.673366 0.585979 0.585979 0.585979
5677.814941 0.000000 2578.343018 0.000000 0.341715 0.000000 0.939803 0.464913 0.464913 0.464913
5649.267090 0.000000 2572.430664 0.000000 0.233230 0.000000 0.972422 0.914986 0.914986 0.914986
5633.451172 0.000000 2610.456787 0.000000 0.224808 0.000000 0.974403 0.214616 0.214616 0.214616
5653.705078 0.000000 2625.148926 0.000000 0.690247 0.000000 0.723574 0.332472 0.332472 0.332472
5660.793945 0.000000 2601.123047 0.000000 0.083122 0.000000 0.996539 0.185255 0.185255 0.185255
5639.671387 0.000000 2623.137695 0.000000 0.038742 0.000000 0.999249 0.170109 0.170109 0.170109
5658.122559 0.000000 2609.089600 0.000000 0.209909 0.000000 0.977721 0.232755 0.232755 0.232755
5662.530273 0.000000 2621.741211 0.000000 0.684224 0.000000 0.729272 0.361972 0.361972 0.361972
5632.514160 0.000000 2614.362061 0.000000 0.006923 0.000000 0.999976 0.204250 0.204250 0.204250
5640.908691 0.000000 2644.181152 0.000000 0.047790 0.000000 0.998857 0.205138 0.205138 0.205138
5641.084961 0.000000 2609.099121 0.000000 0.264606 0.000000 0.964357 0.272127 0.272127 0.272127
5636.756836 0.000000 2617.074463 0.000000 0.759589 0.000000 0.650403 0.495980 0.495980 0.495980
"}
object={
	name="palm_dense_generator_1_1"
	clamp_to_water_level=no
	render_under_water=no
	generated_content=yes
	layer="semidynamic"
	pdxmesh="tree_palm_02_mesh"
	count=13
	transform="5621.007812 0.000000 2582.947266 0.000000 0.998224 0.000000 0.059572 0.838612 0.838612 0.838612
5679.917480 0.000000 2578.578857 0.000000 0.951700 0.000000 0.307029 0.458996 0.458996 0.458996
5650.230469 0.000000 2579.832520 0.000000 0.918772 0.000000 0.394788 0.524762 0.524762 0.524762
5663.453613 0.000000 2615.011475 0.000000 0.933234 0.000000 0.359270 0.419769 0.419769 0.419769
5658.074219 0.000000 2628.797607 0.000000 0.956964 0.000000 0.290205 0.444317 0.444317 0.444317
5643.929688 0.000000 2610.287109 0.000000 0.939451 0.000000 -0.342682 0.564313 0.564313 0.564313
5646.875488 0.000000 2643.043213 0.000000 0.900168 0.000000 -0.435543 0.587247 0.587247 0.587247
5637.119141 0.000000 2614.715576 0.000000 0.924231 0.000000 -0.381833 0.572917 0.572917 0.572917
5650.230469 0.000000 2636.316895 0.000000 0.873728 0.000000 0.486414 0.421435 0.421435 0.421435
5635.820801 0.000000 2612.086670 0.000000 0.979910 0.000000 0.199441 0.494458 0.494458 0.494458
5657.706543 0.000000 2611.920654 0.000000 0.873144 0.000000 -0.487463 0.579804 0.579804 0.579804
5646.389160 0.000000 2631.666016 0.000000 0.971113 0.000000 0.238622 0.464359 0.464359 0.464359
5634.944824 0.000000 2615.677246 0.000000 0.998071 0.000000 0.062075 0.808688 0.808688 0.808688
"}
object={
	name="palm_dense_generator_1_2"
	clamp_to_water_level=no
	render_under_water=no
	generated_content=yes
	layer="semidynamic"
	pdxmesh="tree_palm_03_mesh"
	count=9
	transform="5662.236816 0.000000 2594.326660 0.000000 0.820786 0.000000 -0.571236 0.619992 0.619992 0.619992
5676.760254 0.000000 2580.302002 0.000000 0.320140 0.000000 -0.947370 0.688032 0.688032 0.688032
5638.057129 0.000000 2586.734619 0.000000 0.037277 0.000000 -0.999305 0.919165 0.919165 0.919165
5660.380371 0.000000 2596.647217 0.000000 0.386381 0.000000 -0.922339 0.684224 0.684224 0.684224
5654.478027 0.000000 2633.174561 0.000000 0.368745 0.000000 -0.929531 0.739043 0.739043 0.739043
5655.890625 0.000000 2617.338867 0.000000 0.186760 0.000000 -0.982406 0.783282 0.783282 0.783282
5657.237793 0.000000 2604.440186 0.000000 0.498782 0.000000 -0.866728 0.710086 0.710086 0.710086
5658.987305 0.000000 2598.370117 0.000000 0.461958 0.000000 -0.886902 0.676024 0.676024 0.676024
5644.083496 0.000000 2643.795166 0.000000 0.847068 0.000000 -0.531485 0.592540 0.592540 0.592540
"}
