object={
	name="pine_sparse_generator_1_0"
	clamp_to_water_level=no
	render_under_water=no
	generated_content=yes
	layer="semidynamic"
	pdxmesh="tree_fir_001_mesh"
	count=10
	transform="5510.395508 0.000000 2684.821289 0.000000 0.070379 0.000000 0.997520 0.404761 0.404761 0.404761
5588.994629 0.000000 2657.318359 0.000000 0.461791 0.000000 0.886989 0.398444 0.398444 0.398444
5591.068359 0.000000 2659.276855 0.000000 0.050514 0.000000 0.998723 0.507565 0.507565 0.507565
5708.457520 0.000000 2650.057129 0.000000 0.427318 0.000000 0.904101 0.390574 0.390574 0.390574
5644.457520 0.000000 2706.541504 0.000000 0.034268 0.000000 0.999413 0.437640 0.437640 0.437640
5713.939453 0.000000 2696.561279 0.000000 0.328833 0.000000 0.944388 0.383032 0.383032 0.383032
5717.934570 0.000000 2709.577637 0.000000 0.286543 0.000000 0.958067 0.408235 0.408235 0.408235
5710.604980 0.000000 2702.342529 0.000000 0.246328 0.000000 0.969186 0.445121 0.445121 0.445121
5531.635742 0.000000 2734.300293 0.000000 0.294345 0.000000 0.955699 0.397546 0.397546 0.397546
5640.614258 0.000000 2724.778809 0.000000 0.184459 0.000000 0.982840 0.433300 0.433300 0.433300
"}
object={
	name="pine_sparse_generator_1_1"
	clamp_to_water_level=no
	render_under_water=no
	generated_content=yes
	layer="semidynamic"
	pdxmesh="tree_fir_002_mesh"
	count=11
	transform="5580.457520 0.000000 2650.057129 0.000000 0.758883 0.000000 0.651227 0.407880 0.407880 0.407880
5593.661133 0.000000 2657.831787 0.000000 0.848621 0.000000 0.529001 0.519462 0.519462 0.519462
5581.099609 0.000000 2674.542236 0.000000 0.947883 0.000000 0.318620 0.429075 0.429075 0.429075
5738.835938 0.000000 2660.771973 0.000000 0.726119 0.000000 0.687569 0.623079 0.623079 0.623079
5726.961914 0.000000 2655.727051 0.000000 0.823445 0.000000 0.567396 0.565041 0.565041 0.565041
5723.635742 0.000000 2677.815918 0.000000 0.897764 0.000000 0.440477 0.419332 0.419332 0.419332
5732.029297 0.000000 2673.318359 0.000000 0.918728 0.000000 0.394890 0.521066 0.521066 0.521066
5729.491699 0.000000 2660.660889 0.000000 0.701195 0.000000 0.712970 0.545229 0.545229 0.545229
5708.375000 0.000000 2709.433350 0.000000 0.735946 0.000000 0.677040 0.491099 0.491099 0.491099
5504.090332 0.000000 2714.545654 0.000000 0.943363 0.000000 0.331763 0.453768 0.453768 0.453768
5643.486816 0.000000 2719.809570 0.000000 0.739618 0.000000 0.673027 0.407439 0.407439 0.407439
"}
object={
	name="pine_sparse_generator_1_2"
	clamp_to_water_level=no
	render_under_water=no
	generated_content=yes
	layer="semidynamic"
	pdxmesh="tree_fir_003_mesh"
	count=11
	transform="5498.637207 0.000000 2681.699219 0.000000 0.996837 0.000000 0.079469 0.512973 0.512973 0.512973
5589.934570 0.000000 2653.093262 0.000000 0.996894 0.000000 0.078759 0.616241 0.616241 0.616241
5598.961914 0.000000 2655.727051 0.000000 0.956234 0.000000 -0.292602 0.421130 0.421130 0.421130
5598.608887 0.000000 2660.305176 0.000000 0.973152 0.000000 0.230164 0.500013 0.500013 0.500013
5734.337891 0.000000 2668.501709 0.000000 0.982951 0.000000 0.183868 0.543536 0.543536 0.543536
5533.530273 0.000000 2738.542480 0.000000 0.982433 0.000000 0.186615 0.397404 0.397404 0.397404
5506.356934 0.000000 2716.148193 0.000000 0.966911 0.000000 0.255116 0.509087 0.509087 0.509087
5644.112305 0.000000 2726.156738 0.000000 0.990193 0.000000 0.139709 0.433992 0.433992 0.433992
5648.939453 0.000000 2727.178711 0.000000 0.980783 0.000000 -0.195104 0.433515 0.433515 0.433515
5646.979980 0.000000 2736.090088 0.000000 0.952443 0.000000 -0.304717 0.465331 0.465331 0.465331
5699.510742 0.000000 2758.177979 0.000000 0.991912 0.000000 -0.126927 0.452188 0.452188 0.452188
"}
object={
	name="pine_sparse_generator_1_3"
	clamp_to_water_level=no
	render_under_water=no
	generated_content=yes
	layer="semidynamic"
	pdxmesh="tree_fir_004_mesh"
	count=13
	transform="5490.798340 0.000000 2691.446777 0.000000 0.908656 0.000000 -0.417545 0.493748 0.493748 0.493748
5529.706543 0.000000 2668.405029 0.000000 0.938933 0.000000 -0.344100 0.429964 0.429964 0.429964
5575.408691 0.000000 2672.603027 0.000000 0.702711 0.000000 -0.711476 0.447103 0.447103 0.447103
5657.916992 0.000000 2699.531738 0.000000 0.884368 0.000000 -0.466791 0.507003 0.507003 0.507003
5649.360840 0.000000 2700.926025 0.000000 0.900718 0.000000 -0.434405 0.512336 0.512336 0.512336
5644.375000 0.000000 2709.433350 0.000000 0.842474 0.000000 -0.538736 0.447572 0.447572 0.447572
5708.457520 0.000000 2706.541504 0.000000 0.681922 0.000000 -0.731425 0.540904 0.540904 0.540904
5744.746582 0.000000 2658.003174 0.000000 0.602674 0.000000 -0.797987 0.503429 0.503429 0.503429
5498.462402 0.000000 2728.320068 0.000000 0.675869 0.000000 -0.737022 0.474596 0.474596 0.474596
5501.032715 0.000000 2733.437988 0.000000 0.850702 0.000000 -0.525648 0.435133 0.435133 0.435133
5498.504395 0.000000 2735.008789 0.000000 0.731398 0.000000 -0.681951 0.432053 0.432053 0.432053
5515.486816 0.000000 2719.809570 0.000000 0.822670 0.000000 -0.568519 0.482853 0.482853 0.482853
5513.084961 0.000000 2722.067871 0.000000 0.885822 0.000000 -0.464025 0.464367 0.464367 0.464367
"}
object={
	name="pine_sparse_generator_1_4"
	clamp_to_water_level=no
	render_under_water=no
	generated_content=yes
	layer="semidynamic"
	pdxmesh="tree_fir_005_mesh"
	count=21
	transform="5493.860840 0.000000 2702.832031 0.000000 0.115497 0.000000 -0.993308 0.524683 0.524683 0.524683
5498.504395 0.000000 2678.524414 0.000000 0.144352 0.000000 -0.989526 0.519765 0.519765 0.519765
5580.375000 0.000000 2652.948975 0.000000 0.318250 0.000000 -0.948007 0.469309 0.469309 0.469309
5513.604492 0.000000 2682.219971 0.000000 0.248311 0.000000 -0.968680 0.474821 0.474821 0.474821
5604.575195 0.000000 2657.154541 0.000000 0.097386 0.000000 -0.995247 0.562056 0.562056 0.562056
5589.235840 0.000000 2674.626709 0.000000 0.410196 0.000000 -0.911997 0.442336 0.442336 0.442336
5601.491699 0.000000 2660.660889 0.000000 0.466490 0.000000 -0.884526 0.536228 0.536228 0.536228
5706.072266 0.000000 2654.453369 0.000000 0.396587 0.000000 -0.917997 0.503875 0.503875 0.503875
5724.380371 0.000000 2653.131592 0.000000 0.575925 0.000000 -0.817502 0.613634 0.613634 0.613634
5702.507812 0.000000 2706.856689 0.000000 0.223927 0.000000 -0.974606 0.451780 0.451780 0.451780
5704.667480 0.000000 2659.544922 0.000000 0.567195 0.000000 -0.823583 0.529475 0.529475 0.529475
5713.664551 0.000000 2661.421631 0.000000 0.199220 0.000000 -0.979955 0.555371 0.555371 0.555371
5726.952637 0.000000 2674.277832 0.000000 0.336154 0.000000 -0.941807 0.494483 0.494483 0.494483
5706.564941 0.000000 2657.314453 0.000000 0.548451 0.000000 -0.836183 0.584854 0.584854 0.584854
5703.408691 0.000000 2672.603027 0.000000 0.559006 0.000000 -0.829164 0.535999 0.535999 0.535999
5493.566895 0.000000 2723.712158 0.000000 0.210203 0.000000 -0.977658 0.479779 0.479779 0.479779
5520.186523 0.000000 2730.401367 0.000000 0.129797 0.000000 -0.991541 0.466170 0.466170 0.466170
5505.451660 0.000000 2720.642334 0.000000 0.422658 0.000000 -0.906289 0.480054 0.480054 0.480054
5641.084961 0.000000 2722.067871 0.000000 0.391511 0.000000 -0.920173 0.440546 0.440546 0.440546
5648.186523 0.000000 2730.401367 0.000000 0.570102 0.000000 -0.821574 0.431159 0.431159 0.431159
5710.979980 0.000000 2736.090088 0.000000 0.203589 0.000000 -0.979056 0.492761 0.492761 0.492761
"}
