object={
	name="pine_dense_generator_2_0"
	clamp_to_water_level=no
	render_under_water=no
	generated_content=yes
	layer="semidynamic_medium"
	pdxmesh="tree_fir_001_mesh"
	count=0
}
object={
	name="pine_dense_generator_2_1"
	clamp_to_water_level=no
	render_under_water=no
	generated_content=yes
	layer="semidynamic_medium"
	pdxmesh="tree_fir_002_mesh"
	count=91
	transform="5665.947754 0.000000 2704.239258 0.000000 0.576753 0.000000 0.816919 0.398145 0.398145 0.398145
5654.911621 0.000000 2695.755127 0.000000 0.630527 0.000000 0.776167 0.456144 0.456144 0.456144
5653.894043 0.000000 2708.039551 0.000000 0.121850 0.000000 0.992549 0.544666 0.544666 0.544666
5700.957520 0.000000 2694.612793 0.000000 0.700200 0.000000 0.713947 0.395631 0.395631 0.395631
5714.190430 0.000000 2664.287842 0.000000 0.071866 0.000000 0.997414 0.401607 0.401607 0.401607
5706.329590 0.000000 2679.470215 0.000000 0.505459 0.000000 0.862850 0.396878 0.396878 0.396878
5715.894531 0.000000 2662.537354 0.000000 0.263698 0.000000 0.964605 0.437421 0.437421 0.437421
5722.165527 0.000000 2663.023438 0.000000 0.346955 0.000000 0.937882 0.442590 0.442590 0.442590
5713.493164 0.000000 2698.738525 0.000000 0.245534 0.000000 0.969388 0.510428 0.510428 0.510428
5702.997070 0.000000 2695.022461 0.000000 0.546084 0.000000 0.837731 0.500373 0.500373 0.500373
5704.722168 0.000000 2687.284668 0.000000 0.173824 0.000000 0.984777 0.517437 0.517437 0.517437
5700.166992 0.000000 2703.530273 0.000000 0.049848 0.000000 0.998757 0.415044 0.415044 0.415044
5713.033691 0.000000 2694.726562 0.000000 0.686978 0.000000 0.726678 0.498775 0.498775 0.498775
5717.101562 0.000000 2701.216553 0.000000 0.083386 0.000000 0.996517 0.452159 0.452159 0.452159
5706.780273 0.000000 2689.549561 0.000000 0.673652 0.000000 0.739049 0.453640 0.453640 0.453640
5708.062012 0.000000 2676.071045 0.000000 0.528170 0.000000 0.849138 0.459589 0.459589 0.459589
5720.891602 0.000000 2701.120850 0.000000 0.230617 0.000000 0.973045 0.471331 0.471331 0.471331
5712.583984 0.000000 2693.121826 0.000000 0.257251 0.000000 0.966345 0.532222 0.532222 0.532222
5721.560059 0.000000 2697.939209 0.000000 0.570227 0.000000 0.821487 0.472562 0.472562 0.472562
5716.433105 0.000000 2671.780273 0.000000 0.305300 0.000000 0.952256 0.558837 0.558837 0.558837
5717.729980 0.000000 2670.355713 0.000000 0.253573 0.000000 0.967316 0.557078 0.557078 0.557078
5721.632324 0.000000 2669.983154 0.000000 0.229482 0.000000 0.973313 0.556468 0.556468 0.556468
5705.912598 0.000000 2683.867676 0.000000 0.317816 0.000000 0.948152 0.503288 0.503288 0.503288
5705.880371 0.000000 2688.284180 0.000000 0.656918 0.000000 0.753962 0.540828 0.540828 0.540828
5710.035156 0.000000 2680.765381 0.000000 0.252914 0.000000 0.967489 0.490160 0.490160 0.490160
5714.728027 0.000000 2688.923584 0.000000 0.294972 0.000000 0.955506 0.486636 0.486636 0.486636
5716.063965 0.000000 2695.639893 0.000000 0.214444 0.000000 0.976736 0.515211 0.515211 0.515211
5678.042969 0.000000 2717.104736 0.000000 0.706410 0.000000 0.707803 0.393296 0.393296 0.393296
5657.916992 0.000000 2756.016113 0.000000 0.703213 0.000000 0.710980 0.400611 0.400611 0.400611
5655.191895 0.000000 2757.140625 0.000000 0.479720 0.000000 0.877422 0.426363 0.426363 0.426363
5665.062500 0.000000 2763.323975 0.000000 0.648264 0.000000 0.761416 0.401940 0.401940 0.401940
5665.412109 0.000000 2726.207031 0.000000 0.523300 0.000000 0.852149 0.440404 0.440404 0.440404
5670.385742 0.000000 2728.094971 0.000000 0.494098 0.000000 0.869406 0.401492 0.401492 0.401492
5642.235840 0.000000 2754.934326 0.000000 0.628870 0.000000 0.777510 0.418590 0.418590 0.418590
5650.498535 0.000000 2715.068115 0.000000 0.536894 0.000000 0.843650 0.410696 0.410696 0.410696
5656.535645 0.000000 2727.604980 0.000000 0.357977 0.000000 0.933730 0.413393 0.413393 0.413393
5645.872070 0.000000 2739.652588 0.000000 0.704680 0.000000 0.709526 0.437403 0.437403 0.437403
5688.742188 0.000000 2741.143799 0.000000 0.663609 0.000000 0.748080 0.413244 0.413244 0.413244
5683.914062 0.000000 2717.038330 0.000000 0.658231 0.000000 0.752816 0.570061 0.570061 0.570061
5670.962402 0.000000 2755.429932 0.000000 0.585433 0.000000 0.810721 0.568421 0.568421 0.568421
5674.219238 0.000000 2757.464600 0.000000 0.506969 0.000000 0.861964 0.424519 0.424519 0.424519
5668.682129 0.000000 2735.039307 0.000000 0.096988 0.000000 0.995286 0.468294 0.468294 0.468294
5675.060059 0.000000 2745.383545 0.000000 0.501613 0.000000 0.865092 0.422019 0.422019 0.422019
5648.098633 0.000000 2721.009521 0.000000 0.451857 0.000000 0.892090 0.466041 0.466041 0.466041
5666.934570 0.000000 2714.819092 0.000000 0.559523 0.000000 0.828815 0.471090 0.471090 0.471090
5675.311523 0.000000 2736.397705 0.000000 0.332460 0.000000 0.943117 0.420010 0.420010 0.420010
5655.366211 0.000000 2713.902588 0.000000 0.163037 0.000000 0.986620 0.453824 0.453824 0.453824
5656.332520 0.000000 2746.454346 0.000000 0.107843 0.000000 0.994168 0.547085 0.547085 0.547085
5688.708984 0.000000 2731.693604 0.000000 0.283888 0.000000 0.958857 0.521713 0.521713 0.521713
5656.422363 0.000000 2740.950195 0.000000 0.308867 0.000000 0.951105 0.529261 0.529261 0.529261
5689.864746 0.000000 2739.841309 0.000000 0.583014 0.000000 0.812462 0.458547 0.458547 0.458547
5650.442383 0.000000 2726.266602 0.000000 0.270838 0.000000 0.962625 0.549505 0.549505 0.549505
5681.237305 0.000000 2724.456543 0.000000 0.019612 0.000000 0.999808 0.451960 0.451960 0.451960
5654.020996 0.000000 2712.570068 0.000000 0.677685 0.000000 0.735352 0.465871 0.465871 0.465871
5653.555664 0.000000 2715.334961 0.000000 0.451695 0.000000 0.892173 0.563643 0.563643 0.563643
5654.351074 0.000000 2729.990479 0.000000 0.580889 0.000000 0.813983 0.563675 0.563675 0.563675
5672.653320 0.000000 2756.892578 0.000000 0.481189 0.000000 0.876617 0.562698 0.562698 0.562698
5653.918945 0.000000 2722.757324 0.000000 0.678993 0.000000 0.734145 0.568510 0.568510 0.568510
5681.542480 0.000000 2732.678711 0.000000 0.082932 0.000000 0.996555 0.547740 0.547740 0.547740
5657.909180 0.000000 2728.336182 0.000000 0.013776 0.000000 0.999905 0.468663 0.468663 0.468663
5645.681641 0.000000 2756.918945 0.000000 0.260450 0.000000 0.965487 0.480053 0.480053 0.480053
5689.773926 0.000000 2733.038818 0.000000 0.383967 0.000000 0.923347 0.555053 0.555053 0.555053
5654.733398 0.000000 2720.020996 0.000000 0.111169 0.000000 0.993802 0.550595 0.550595 0.550595
5681.824707 0.000000 2721.735352 0.000000 0.355990 0.000000 0.934490 0.515818 0.515818 0.515818
5670.014160 0.000000 2742.078613 0.000000 0.288206 0.000000 0.957568 0.535424 0.535424 0.535424
5675.248047 0.000000 2758.447021 0.000000 0.582118 0.000000 0.813104 0.567419 0.567419 0.567419
5684.156250 0.000000 2729.618164 0.000000 0.093520 0.000000 0.995617 0.548998 0.548998 0.548998
5652.600586 0.000000 2722.271973 0.000000 0.510846 0.000000 0.859672 0.560480 0.560480 0.560480
5687.433594 0.000000 2732.453125 0.000000 0.703231 0.000000 0.710961 0.569791 0.569791 0.569791
5671.243164 0.000000 2762.150391 0.000000 0.353401 0.000000 0.935472 0.558236 0.558236 0.558236
5687.129883 0.000000 2737.843262 0.000000 0.373591 0.000000 0.927594 0.559874 0.559874 0.559874
5671.743652 0.000000 2746.990479 0.000000 0.097205 0.000000 0.995264 0.545049 0.545049 0.545049
5654.048340 0.000000 2734.363037 0.000000 0.553322 0.000000 0.832968 0.567337 0.567337 0.567337
5648.268066 0.000000 2723.528076 0.000000 0.659790 0.000000 0.751450 0.554019 0.554019 0.554019
5675.627441 0.000000 2762.433594 0.000000 0.298355 0.000000 0.954455 0.532342 0.532342 0.532342
5702.997070 0.000000 2751.506836 0.000000 0.475917 0.000000 0.879490 0.451247 0.451247 0.451247
5712.024902 0.000000 2752.668701 0.000000 0.578309 0.000000 0.815818 0.563554 0.563554 0.563554
5697.219727 0.000000 2719.268555 0.000000 0.245159 0.000000 0.969483 0.556695 0.556695 0.556695
5710.943359 0.000000 2751.844482 0.000000 0.315863 0.000000 0.948805 0.554334 0.554334 0.554334
5672.015625 0.000000 2775.363037 0.000000 0.156379 0.000000 0.987697 0.380376 0.380376 0.380376
5657.661133 0.000000 2770.800537 0.000000 0.215047 0.000000 0.976604 0.419074 0.419074 0.419074
5652.994629 0.000000 2770.287109 0.000000 0.348680 0.000000 0.937242 0.407319 0.407319 0.407319
5650.498535 0.000000 2771.552490 0.000000 0.110361 0.000000 0.993892 0.391781 0.391781 0.391781
5668.749023 0.000000 2777.103760 0.000000 0.585010 0.000000 0.811026 0.474149 0.474149 0.474149
5658.957520 0.000000 2774.361084 0.000000 0.172864 0.000000 0.984946 0.484767 0.484767 0.484767
5665.519531 0.000000 2775.595459 0.000000 0.497700 0.000000 0.867349 0.559899 0.559899 0.559899
5679.105469 0.000000 2771.295654 0.000000 0.374935 0.000000 0.927051 0.444342 0.444342 0.444342
5664.131348 0.000000 2772.853760 0.000000 0.312856 0.000000 0.949801 0.557877 0.557877 0.557877
5663.750977 0.000000 2774.317383 0.000000 0.241962 0.000000 0.970286 0.549335 0.549335 0.549335
5670.826172 0.000000 2774.470459 0.000000 0.351156 0.000000 0.936317 0.521406 0.521406 0.521406
5668.154785 0.000000 2775.436768 0.000000 0.341071 0.000000 0.940038 0.556775 0.556775 0.556775
"}
object={
	name="pine_dense_generator_2_2"
	clamp_to_water_level=no
	render_under_water=no
	generated_content=yes
	layer="semidynamic_medium"
	pdxmesh="tree_fir_003_mesh"
	count=83
	transform="5643.406250 0.000000 2687.836426 0.000000 0.997358 0.000000 0.072646 0.399632 0.399632 0.399632
5652.141113 0.000000 2708.697510 0.000000 0.734342 0.000000 0.678779 0.571501 0.571501 0.571501
5642.780273 0.000000 2689.549561 0.000000 0.949574 0.000000 0.313543 0.468770 0.468770 0.468770
5651.343262 0.000000 2706.366699 0.000000 0.884404 0.000000 0.466722 0.582361 0.582361 0.582361
5652.440918 0.000000 2710.272217 0.000000 0.783057 0.000000 0.621950 0.577830 0.577830 0.577830
5697.884766 0.000000 2705.818115 0.000000 0.950110 0.000000 0.311916 0.395739 0.395739 0.395739
5715.991699 0.000000 2687.993164 0.000000 0.717791 0.000000 0.696259 0.389830 0.389830 0.389830
5702.057129 0.000000 2699.703369 0.000000 0.987013 0.000000 0.160640 0.410010 0.410010 0.410010
5717.235840 0.000000 2674.626709 0.000000 0.780882 0.000000 0.624679 0.448094 0.448094 0.448094
5712.716797 0.000000 2686.863525 0.000000 0.756498 0.000000 0.653996 0.426464 0.426464 0.426464
5713.436523 0.000000 2678.634766 0.000000 0.736747 0.000000 0.676169 0.423502 0.423502 0.423502
5715.576660 0.000000 2690.217285 0.000000 0.994023 0.000000 0.109173 0.585471 0.585471 0.585471
5723.739258 0.000000 2698.388916 0.000000 0.995898 0.000000 0.090482 0.596553 0.596553 0.596553
5713.862305 0.000000 2691.093018 0.000000 0.946904 0.000000 0.321516 0.588894 0.588894 0.588894
5720.512695 0.000000 2662.498535 0.000000 0.749827 0.000000 0.661634 0.517957 0.517957 0.517957
5714.634277 0.000000 2700.034180 0.000000 0.812066 0.000000 0.583565 0.494735 0.494735 0.494735
5712.398438 0.000000 2699.822021 0.000000 0.996411 0.000000 0.084643 0.543489 0.543489 0.543489
5720.230957 0.000000 2669.774414 0.000000 0.983429 0.000000 0.181295 0.594074 0.594074 0.594074
5644.552734 0.000000 2737.444092 0.000000 0.867442 0.000000 0.497539 0.393005 0.393005 0.393005
5694.270020 0.000000 2715.681396 0.000000 0.859659 0.000000 0.510868 0.392745 0.392745 0.392745
5650.579102 0.000000 2766.438965 0.000000 0.997072 0.000000 0.076471 0.404777 0.404777 0.404777
5670.469727 0.000000 2737.843994 0.000000 0.936887 0.000000 0.349633 0.426151 0.426151 0.426151
5671.299805 0.000000 2757.629395 0.000000 0.727643 0.000000 0.685956 0.425734 0.425734 0.425734
5644.721191 0.000000 2749.574951 0.000000 0.997455 0.000000 0.071300 0.417853 0.417853 0.417853
5651.894531 0.000000 2719.021729 0.000000 0.936093 0.000000 0.351753 0.470489 0.470489 0.470489
5661.291016 0.000000 2753.592529 0.000000 0.946827 0.000000 0.321744 0.516768 0.516768 0.516768
5681.687988 0.000000 2720.202637 0.000000 0.868087 0.000000 0.496412 0.534356 0.534356 0.534356
5675.596680 0.000000 2759.791504 0.000000 0.920632 0.000000 0.390431 0.585104 0.585104 0.585104
5655.885254 0.000000 2737.030029 0.000000 0.993148 0.000000 0.116866 0.567159 0.567159 0.567159
5679.645996 0.000000 2718.947998 0.000000 0.725102 0.000000 0.688641 0.426898 0.426898 0.426898
5668.342285 0.000000 2766.918701 0.000000 0.793181 0.000000 0.608986 0.457106 0.457106 0.457106
5649.219727 0.000000 2722.708740 0.000000 0.742210 0.000000 0.670167 0.557522 0.557522 0.557522
5657.598145 0.000000 2734.881592 0.000000 0.985671 0.000000 0.168677 0.474341 0.474341 0.474341
5672.389160 0.000000 2764.880371 0.000000 0.848346 0.000000 0.529442 0.533319 0.533319 0.533319
5670.819824 0.000000 2763.501709 0.000000 0.767926 0.000000 0.640539 0.575997 0.575997 0.575997
5678.245605 0.000000 2731.172607 0.000000 0.840788 0.000000 0.541364 0.481060 0.481060 0.481060
5679.350098 0.000000 2765.993164 0.000000 0.720956 0.000000 0.692981 0.571960 0.571960 0.571960
5672.388184 0.000000 2761.251709 0.000000 0.866197 0.000000 0.499703 0.503257 0.503257 0.503257
5688.654297 0.000000 2728.462891 0.000000 0.801669 0.000000 0.597768 0.467252 0.467252 0.467252
5691.429199 0.000000 2736.562500 0.000000 0.999953 0.000000 0.009735 0.477580 0.477580 0.477580
5691.262207 0.000000 2733.385986 0.000000 0.883249 0.000000 0.468905 0.582300 0.582300 0.582300
5685.929688 0.000000 2727.320801 0.000000 0.967052 0.000000 0.254577 0.477668 0.477668 0.477668
5651.935547 0.000000 2721.008545 0.000000 0.984883 0.000000 0.173223 0.488403 0.488403 0.488403
5648.310547 0.000000 2758.845459 0.000000 0.999924 0.000000 0.012324 0.541506 0.541506 0.541506
5657.349609 0.000000 2731.200684 0.000000 0.979438 0.000000 0.201746 0.468523 0.468523 0.468523
5686.403320 0.000000 2730.935791 0.000000 0.874686 0.000000 0.484690 0.580672 0.580672 0.580672
5651.343262 0.000000 2762.851074 0.000000 0.711798 0.000000 0.702384 0.524955 0.524955 0.524955
5645.021484 0.000000 2743.878906 0.000000 0.781352 0.000000 0.624091 0.515561 0.515561 0.515561
5669.817871 0.000000 2744.816895 0.000000 0.903483 0.000000 0.428623 0.496397 0.496397 0.496397
5653.209473 0.000000 2718.112305 0.000000 0.709348 0.000000 0.704858 0.573285 0.573285 0.573285
5642.331055 0.000000 2756.586426 0.000000 0.979168 0.000000 0.203054 0.491596 0.491596 0.491596
5686.485352 0.000000 2736.664307 0.000000 0.942790 0.000000 0.333387 0.588519 0.588519 0.588519
5672.074707 0.000000 2743.583008 0.000000 0.840363 0.000000 0.542024 0.578119 0.578119 0.578119
5655.035156 0.000000 2721.687012 0.000000 0.801356 0.000000 0.598188 0.578292 0.578292 0.578292
5674.601562 0.000000 2763.098633 0.000000 0.908580 0.000000 0.417711 0.556726 0.556726 0.556726
5652.179199 0.000000 2712.527100 0.000000 0.724871 0.000000 0.688885 0.512167 0.512167 0.512167
5657.172852 0.000000 2747.764648 0.000000 0.953800 0.000000 0.300442 0.588961 0.588961 0.588961
5670.464355 0.000000 2754.144043 0.000000 0.894451 0.000000 0.447166 0.584514 0.584514 0.584514
5674.913086 0.000000 2765.250244 0.000000 0.974918 0.000000 0.222563 0.592217 0.592217 0.592217
5684.467773 0.000000 2732.374756 0.000000 0.964217 0.000000 0.265113 0.560193 0.560193 0.560193
5681.067871 0.000000 2715.779053 0.000000 0.938879 0.000000 0.344246 0.559042 0.559042 0.559042
5687.424805 0.000000 2735.519043 0.000000 0.940182 0.000000 0.340673 0.588414 0.588414 0.588414
5650.263672 0.000000 2723.336426 0.000000 0.989395 0.000000 0.145247 0.594727 0.594727 0.594727
5685.656738 0.000000 2733.893311 0.000000 0.801587 0.000000 0.597878 0.549391 0.549391 0.549391
5672.053711 0.000000 2763.604248 0.000000 0.970498 0.000000 0.241111 0.590863 0.590863 0.590863
5707.486816 0.000000 2719.809570 0.000000 0.924747 0.000000 0.380583 0.431936 0.431936 0.431936
5699.913086 0.000000 2722.186523 0.000000 0.841609 0.000000 0.540087 0.412652 0.412652 0.412652
5713.033691 0.000000 2751.210938 0.000000 0.977487 0.000000 0.210995 0.497826 0.497826 0.497826
5709.340332 0.000000 2751.476807 0.000000 0.713091 0.000000 0.701071 0.545446 0.545446 0.545446
5715.070801 0.000000 2754.617920 0.000000 0.945473 0.000000 0.325702 0.519194 0.519194 0.519194
5700.635742 0.000000 2723.652832 0.000000 0.921632 0.000000 0.388066 0.550154 0.550154 0.550154
5674.673340 0.000000 2767.878174 0.000000 0.895535 0.000000 0.444992 0.410579 0.410579 0.410579
5678.042969 0.000000 2773.589111 0.000000 0.976026 0.000000 0.217655 0.420709 0.420709 0.420709
5680.746582 0.000000 2770.971924 0.000000 0.993408 0.000000 0.114630 0.424955 0.424955 0.424955
5665.365723 0.000000 2777.909180 0.000000 0.970468 0.000000 0.241230 0.458762 0.458762 0.458762
5658.165527 0.000000 2775.992188 0.000000 0.983489 0.000000 0.180967 0.513933 0.513933 0.513933
5671.465820 0.000000 2777.620117 0.000000 0.983070 0.000000 0.183231 0.471469 0.471469 0.471469
5662.725586 0.000000 2771.326904 0.000000 0.712004 0.000000 0.702176 0.508077 0.508077 0.508077
5667.182129 0.000000 2774.500732 0.000000 0.942267 0.000000 0.334863 0.588901 0.588901 0.588901
5669.374023 0.000000 2773.700928 0.000000 0.821077 0.000000 0.570817 0.579616 0.579616 0.579616
5663.834473 0.000000 2769.887939 0.000000 0.725488 0.000000 0.688235 0.574360 0.574360 0.574360
5662.425293 0.000000 2774.618652 0.000000 0.723667 0.000000 0.690149 0.570905 0.570905 0.570905
5666.757812 0.000000 2773.196289 0.000000 0.930241 0.000000 0.366949 0.535718 0.535718 0.535718
"}
object={
	name="pine_dense_generator_2_3"
	clamp_to_water_level=no
	render_under_water=no
	generated_content=yes
	layer="semidynamic_medium"
	pdxmesh="tree_fir_004_mesh"
	count=95
	transform="5655.371094 0.000000 2697.779541 0.000000 0.723754 0.000000 -0.690059 0.410571 0.410571 0.410571
5650.536621 0.000000 2708.235352 0.000000 0.875175 0.000000 -0.483806 0.513989 0.513989 0.513989
5666.837891 0.000000 2702.856934 0.000000 0.869202 0.000000 -0.494458 0.541696 0.541696 0.541696
5650.425781 0.000000 2703.617676 0.000000 0.988100 0.000000 -0.153811 0.580423 0.580423 0.580423
5681.352051 0.000000 2707.899414 0.000000 0.974647 0.000000 -0.223750 0.558464 0.558464 0.558464
5681.121094 0.000000 2706.673828 0.000000 0.817994 0.000000 -0.575227 0.569062 0.569062 0.569062
5651.857422 0.000000 2707.462402 0.000000 0.813755 0.000000 -0.581208 0.622529 0.622529 0.622529
5705.866211 0.000000 2693.837891 0.000000 0.717505 0.000000 -0.696554 0.430842 0.430842 0.430842
5716.984863 0.000000 2691.963623 0.000000 0.928780 0.000000 -0.370631 0.446353 0.446353 0.446353
5723.698730 0.000000 2701.264893 0.000000 0.748768 0.000000 -0.662832 0.461935 0.461935 0.461935
5714.128418 0.000000 2675.527344 0.000000 0.990459 0.000000 -0.137805 0.439586 0.439586 0.439586
5723.966309 0.000000 2664.378662 0.000000 0.942926 0.000000 -0.333003 0.442981 0.442981 0.442981
5720.887695 0.000000 2696.365723 0.000000 0.712031 0.000000 -0.702148 0.510342 0.510342 0.510342
5711.228516 0.000000 2681.777832 0.000000 0.791391 0.000000 -0.611310 0.538257 0.538257 0.538257
5717.917480 0.000000 2699.027832 0.000000 0.999780 0.000000 -0.020958 0.586923 0.586923 0.586923
5715.881836 0.000000 2693.303223 0.000000 0.918416 0.000000 -0.395617 0.614196 0.614196 0.614196
5715.070801 0.000000 2698.133545 0.000000 0.992316 0.000000 -0.123728 0.492188 0.492188 0.492188
5704.953125 0.000000 2680.696289 0.000000 0.976472 0.000000 -0.215642 0.588989 0.588989 0.588989
5709.642090 0.000000 2676.417236 0.000000 0.998976 0.000000 -0.045251 0.481321 0.481321 0.481321
5720.030273 0.000000 2668.070801 0.000000 0.804122 0.000000 -0.594464 0.620693 0.620693 0.620693
5718.025391 0.000000 2697.059570 0.000000 0.997949 0.000000 -0.064021 0.526415 0.526415 0.526415
5711.354980 0.000000 2700.987793 0.000000 0.747136 0.000000 -0.664671 0.596096 0.596096 0.596096
5721.045410 0.000000 2666.657471 0.000000 0.741762 0.000000 -0.670663 0.627198 0.627198 0.627198
5716.575195 0.000000 2673.269775 0.000000 0.997767 0.000000 -0.066786 0.560698 0.560698 0.560698
5715.524902 0.000000 2691.699463 0.000000 0.970861 0.000000 -0.239645 0.596449 0.596449 0.596449
5719.062012 0.000000 2670.887207 0.000000 0.952862 0.000000 -0.303403 0.611775 0.611775 0.611775
5718.709473 0.000000 2674.727783 0.000000 1.000000 0.000000 -0.000727 0.564073 0.564073 0.564073
5704.415527 0.000000 2681.837891 0.000000 0.918379 0.000000 -0.395703 0.594774 0.594774 0.594774
5712.512207 0.000000 2690.510986 0.000000 0.999688 0.000000 -0.024988 0.600848 0.600848 0.600848
5713.206543 0.000000 2692.096924 0.000000 0.824765 0.000000 -0.565476 0.588182 0.588182 0.588182
5672.832520 0.000000 2714.751221 0.000000 0.871967 0.000000 -0.489565 0.406641 0.406641 0.406641
5667.991211 0.000000 2726.976562 0.000000 0.999094 0.000000 -0.042549 0.400584 0.400584 0.400584
5670.346680 0.000000 2765.507568 0.000000 0.844102 0.000000 -0.536182 0.416779 0.416779 0.416779
5666.857422 0.000000 2740.378906 0.000000 0.889732 0.000000 -0.456483 0.410021 0.410021 0.410021
5668.759766 0.000000 2732.626221 0.000000 0.972674 0.000000 -0.232176 0.429224 0.429224 0.429224
5646.389160 0.000000 2744.634766 0.000000 0.970031 0.000000 -0.242981 0.418746 0.418746 0.418746
5665.641602 0.000000 2729.328613 0.000000 0.864485 0.000000 -0.502658 0.451589 0.451589 0.451589
5680.587891 0.000000 2731.503174 0.000000 0.886415 0.000000 -0.462891 0.566831 0.566831 0.566831
5691.739258 0.000000 2715.756592 0.000000 0.973134 0.000000 -0.230241 0.441173 0.441173 0.441173
5695.163574 0.000000 2743.924561 0.000000 0.888764 0.000000 -0.458365 0.480625 0.480625 0.480625
5672.284180 0.000000 2749.716553 0.000000 0.995843 0.000000 -0.091091 0.534997 0.534997 0.534997
5674.638672 0.000000 2761.682617 0.000000 0.999023 0.000000 -0.044186 0.583703 0.583703 0.583703
5651.236816 0.000000 2722.572998 0.000000 0.748510 0.000000 -0.663124 0.626226 0.626226 0.626226
5680.914551 0.000000 2728.433594 0.000000 0.999995 0.000000 -0.003318 0.475230 0.475230 0.475230
5647.590332 0.000000 2763.346436 0.000000 0.997862 0.000000 -0.065360 0.447557 0.447557 0.447557
5682.709961 0.000000 2725.339844 0.000000 0.976740 0.000000 -0.214425 0.462187 0.462187 0.462187
5684.679199 0.000000 2730.939209 0.000000 0.840956 0.000000 -0.541103 0.608140 0.608140 0.608140
5677.587891 0.000000 2719.022217 0.000000 0.851980 0.000000 -0.523575 0.467045 0.467045 0.467045
5672.567383 0.000000 2745.933350 0.000000 0.987896 0.000000 -0.155115 0.605949 0.605949 0.605949
5682.490723 0.000000 2734.039551 0.000000 0.965613 0.000000 -0.259984 0.531315 0.531315 0.531315
5684.393066 0.000000 2733.643555 0.000000 0.777430 0.000000 -0.628970 0.587699 0.587699 0.587699
5653.101562 0.000000 2757.700928 0.000000 0.982724 0.000000 -0.185075 0.474910 0.474910 0.474910
5654.981445 0.000000 2739.474609 0.000000 0.888768 0.000000 -0.458357 0.524264 0.524264 0.524264
5674.442383 0.000000 2739.300781 0.000000 0.763219 0.000000 -0.646140 0.612244 0.612244 0.612244
5644.970703 0.000000 2758.235840 0.000000 0.842553 0.000000 -0.538613 0.482450 0.482450 0.482450
5675.765137 0.000000 2740.534180 0.000000 0.841143 0.000000 -0.540812 0.615077 0.615077 0.615077
5688.710938 0.000000 2735.081543 0.000000 0.985728 0.000000 -0.168348 0.560907 0.560907 0.560907
5657.336426 0.000000 2749.248291 0.000000 0.947343 0.000000 -0.320219 0.500532 0.500532 0.500532
5682.132324 0.000000 2730.671143 0.000000 0.889471 0.000000 -0.456991 0.490126 0.490126 0.490126
5648.425781 0.000000 2761.953125 0.000000 0.906284 0.000000 -0.422670 0.616179 0.616179 0.616179
5671.382324 0.000000 2744.868408 0.000000 0.947488 0.000000 -0.319791 0.612165 0.612165 0.612165
5686.998047 0.000000 2728.552246 0.000000 0.959739 0.000000 -0.280893 0.483551 0.483551 0.483551
5653.229004 0.000000 2725.342285 0.000000 0.975538 0.000000 -0.219830 0.608466 0.608466 0.608466
5654.338379 0.000000 2724.232422 0.000000 0.924857 0.000000 -0.380316 0.526309 0.526309 0.526309
5655.673828 0.000000 2717.206055 0.000000 0.869337 0.000000 -0.494219 0.540316 0.540316 0.540316
5655.560547 0.000000 2728.775879 0.000000 0.802708 0.000000 -0.596372 0.624407 0.624407 0.624407
5686.609375 0.000000 2739.098633 0.000000 0.925407 0.000000 -0.378975 0.590134 0.590134 0.590134
5650.425781 0.000000 2760.102051 0.000000 0.794143 0.000000 -0.607731 0.621673 0.621673 0.621673
5657.742188 0.000000 2740.301270 0.000000 0.934360 0.000000 -0.356330 0.575824 0.575824 0.575824
5644.996094 0.000000 2741.081787 0.000000 0.902033 0.000000 -0.431666 0.529014 0.529014 0.529014
5649.775879 0.000000 2758.823242 0.000000 0.996198 0.000000 -0.087115 0.544125 0.544125 0.544125
5654.014160 0.000000 2716.784180 0.000000 0.762351 0.000000 -0.647164 0.544968 0.544968 0.544968
5678.236328 0.000000 2767.106445 0.000000 0.997704 0.000000 -0.067731 0.602315 0.602315 0.602315
5661.948242 0.000000 2752.370361 0.000000 0.988472 0.000000 -0.151406 0.528581 0.528581 0.528581
5672.459473 0.000000 2740.769531 0.000000 0.987286 0.000000 -0.158952 0.606097 0.606097 0.606097
5659.559082 0.000000 2747.139404 0.000000 0.987553 0.000000 -0.157290 0.605134 0.605134 0.605134
5647.223145 0.000000 2739.596436 0.000000 0.902994 0.000000 -0.429654 0.579484 0.579484 0.579484
5676.655273 0.000000 2763.175293 0.000000 0.995133 0.000000 -0.098538 0.598579 0.598579 0.598579
5651.389160 0.000000 2723.832764 0.000000 0.911387 0.000000 -0.411551 0.615344 0.615344 0.615344
5673.341797 0.000000 2739.899902 0.000000 0.912155 0.000000 -0.409846 0.588413 0.588413 0.588413
5673.168457 0.000000 2742.807373 0.000000 0.989634 0.000000 -0.143611 0.605505 0.605505 0.605505
5702.330566 0.000000 2723.346924 0.000000 0.824259 0.000000 -0.566212 0.408054 0.408054 0.408054
5707.557617 0.000000 2751.197754 0.000000 0.878526 0.000000 -0.477695 0.552189 0.552189 0.552189
5707.147461 0.000000 2749.415527 0.000000 0.993176 0.000000 -0.116626 0.486752 0.486752 0.486752
5701.431641 0.000000 2722.026611 0.000000 0.999408 0.000000 -0.034414 0.562413 0.562413 0.562413
5697.598145 0.000000 2714.815674 0.000000 0.751859 0.000000 -0.659324 0.624048 0.624048 0.624048
5709.796875 0.000000 2750.262939 0.000000 0.992098 0.000000 -0.125463 0.571622 0.571622 0.571622
5715.222656 0.000000 2753.083008 0.000000 0.987464 0.000000 -0.157845 0.606055 0.606055 0.606055
5674.835938 0.000000 2773.740723 0.000000 0.992880 0.000000 -0.119115 0.401663 0.401663 0.401663
5668.575195 0.000000 2770.123291 0.000000 0.926251 0.000000 -0.376907 0.438383 0.438383 0.438383
5655.068359 0.000000 2772.245605 0.000000 0.847504 0.000000 -0.530789 0.476787 0.476787 0.476787
5665.049316 0.000000 2768.984619 0.000000 0.889886 0.000000 -0.456184 0.618094 0.618094 0.618094
5666.934570 0.000000 2771.303467 0.000000 0.999902 0.000000 -0.014034 0.577545 0.577545 0.577545
5665.760254 0.000000 2772.142578 0.000000 0.934709 0.000000 -0.355415 0.612219 0.612219 0.612219
5665.739258 0.000000 2770.258301 0.000000 0.942061 0.000000 -0.335442 0.613066 0.613066 0.613066
"}
object={
	name="pine_dense_generator_2_4"
	clamp_to_water_level=no
	render_under_water=no
	generated_content=yes
	layer="semidynamic_medium"
	pdxmesh="tree_fir_005_mesh"
	count=96
	transform="5642.235840 0.000000 2698.449951 0.000000 0.472027 0.000000 -0.881584 0.462563 0.462563 0.462563
5643.557617 0.000000 2694.713379 0.000000 0.505747 0.000000 -0.862682 0.504588 0.504588 0.504588
5664.293457 0.000000 2703.773193 0.000000 0.620087 0.000000 -0.784533 0.566986 0.566986 0.566986
5648.425781 0.000000 2705.468750 0.000000 0.306328 0.000000 -0.951926 0.557329 0.557329 0.557329
5702.724121 0.000000 2688.273193 0.000000 0.677751 0.000000 -0.735291 0.437262 0.437262 0.437262
5711.870117 0.000000 2691.588379 0.000000 0.256922 0.000000 -0.966432 0.449262 0.449262 0.449262
5702.953125 0.000000 2690.375977 0.000000 0.030003 0.000000 -0.999550 0.503087 0.503087 0.503087
5714.979980 0.000000 2694.779541 0.000000 0.625436 0.000000 -0.780275 0.542625 0.542625 0.542625
5701.572266 0.000000 2701.696533 0.000000 0.701653 0.000000 -0.712519 0.450631 0.450631 0.450631
5718.911621 0.000000 2695.755127 0.000000 0.704605 0.000000 -0.709600 0.490980 0.490980 0.490980
5704.309570 0.000000 2683.558838 0.000000 0.247508 0.000000 -0.968886 0.569181 0.569181 0.569181
5704.280273 0.000000 2688.996582 0.000000 0.411752 0.000000 -0.911296 0.598288 0.598288 0.598288
5720.204102 0.000000 2699.293213 0.000000 0.060094 0.000000 -0.998193 0.657703 0.657703 0.657703
5712.024902 0.000000 2696.184326 0.000000 0.414928 0.000000 -0.909854 0.550087 0.550087 0.550087
5704.954590 0.000000 2678.483643 0.000000 0.677930 0.000000 -0.735127 0.580563 0.580563 0.580563
5710.222168 0.000000 2677.916504 0.000000 0.706899 0.000000 -0.707314 0.499302 0.499302 0.499302
5717.229004 0.000000 2668.857910 0.000000 0.142475 0.000000 -0.989798 0.612386 0.612386 0.612386
5718.338379 0.000000 2667.748047 0.000000 0.489758 0.000000 -0.871858 0.552365 0.552365 0.552365
5718.351074 0.000000 2673.506104 0.000000 0.306110 0.000000 -0.951996 0.647551 0.647551 0.647551
5717.918945 0.000000 2666.272949 0.000000 0.295621 0.000000 -0.955305 0.646729 0.646729 0.646729
5719.560547 0.000000 2672.291504 0.000000 0.339255 0.000000 -0.940694 0.646229 0.646229 0.646229
5717.272461 0.000000 2663.135254 0.000000 0.033791 0.000000 -0.999429 0.653874 0.653874 0.653874
5723.304688 0.000000 2699.904297 0.000000 0.507027 0.000000 -0.861930 0.639534 0.639534 0.639534
5721.534668 0.000000 2664.327637 0.000000 0.031848 0.000000 -0.999493 0.653366 0.653366 0.653366
5716.600586 0.000000 2665.787598 0.000000 0.301245 0.000000 -0.953547 0.647080 0.647080 0.647080
5705.525391 0.000000 2676.813477 0.000000 0.616825 0.000000 -0.787100 0.562818 0.562818 0.562818
5720.631836 0.000000 2665.378418 0.000000 0.472271 0.000000 -0.881453 0.637414 0.637414 0.637414
5716.708984 0.000000 2698.331055 0.000000 0.132108 0.000000 -0.991235 0.630799 0.630799 0.630799
5717.323242 0.000000 2695.987549 0.000000 0.388673 0.000000 -0.921376 0.584354 0.584354 0.584354
5646.953125 0.000000 2765.221680 0.000000 0.651059 0.000000 -0.759027 0.411489 0.411489 0.411489
5668.045898 0.000000 2716.524902 0.000000 0.570788 0.000000 -0.821098 0.412939 0.412939 0.412939
5685.566895 0.000000 2723.712158 0.000000 0.346423 0.000000 -0.938078 0.469274 0.469274 0.469274
5679.447754 0.000000 2723.935791 0.000000 0.379444 0.000000 -0.925215 0.480133 0.480133 0.480133
5646.650879 0.000000 2761.590820 0.000000 0.004998 0.000000 -0.999987 0.509528 0.509528 0.509528
5647.870117 0.000000 2748.072754 0.000000 0.410614 0.000000 -0.911809 0.438083 0.438083 0.438083
5668.550293 0.000000 2742.043945 0.000000 0.315537 0.000000 -0.948913 0.643994 0.643994 0.643994
5686.180664 0.000000 2735.100098 0.000000 0.562471 0.000000 -0.826817 0.632443 0.632443 0.632443
5664.330078 0.000000 2765.547363 0.000000 0.658043 0.000000 -0.752980 0.481027 0.481027 0.481027
5651.253418 0.000000 2758.836670 0.000000 0.670759 0.000000 -0.741675 0.630352 0.630352 0.630352
5659.203125 0.000000 2750.567627 0.000000 0.120473 0.000000 -0.992717 0.648111 0.648111 0.648111
5687.794922 0.000000 2724.256104 0.000000 0.437251 0.000000 -0.899339 0.517711 0.517711 0.517711
5688.096680 0.000000 2738.894043 0.000000 0.398055 0.000000 -0.917361 0.501328 0.501328 0.501328
5655.105957 0.000000 2732.486572 0.000000 0.283967 0.000000 -0.958834 0.637918 0.637918 0.637918
5672.179688 0.000000 2739.434570 0.000000 0.453702 0.000000 -0.891153 0.608626 0.608626 0.608626
5677.836426 0.000000 2763.882812 0.000000 0.345756 0.000000 -0.938324 0.634344 0.634344 0.634344
5679.448242 0.000000 2735.757568 0.000000 0.544156 0.000000 -0.838984 0.479507 0.479507 0.479507
5672.199219 0.000000 2742.095947 0.000000 0.110504 0.000000 -0.993876 0.655770 0.655770 0.655770
5655.416992 0.000000 2759.182861 0.000000 0.269790 0.000000 -0.962919 0.644317 0.644317 0.644317
5682.317871 0.000000 2715.703125 0.000000 0.199445 0.000000 -0.979909 0.488011 0.488011 0.488011
5662.288086 0.000000 2765.712402 0.000000 0.452524 0.000000 -0.891752 0.475782 0.475782 0.475782
5644.080078 0.000000 2742.538818 0.000000 0.627074 0.000000 -0.778960 0.555362 0.555362 0.555362
5648.905273 0.000000 2765.149414 0.000000 0.408290 0.000000 -0.912852 0.511188 0.511188 0.511188
5660.720215 0.000000 2751.759033 0.000000 0.603779 0.000000 -0.797152 0.483777 0.483777 0.483777
5665.680176 0.000000 2767.077637 0.000000 0.145949 0.000000 -0.989292 0.539138 0.539138 0.539138
5686.302246 0.000000 2725.537354 0.000000 0.224019 0.000000 -0.974585 0.522624 0.522624 0.522624
5689.814453 0.000000 2730.092529 0.000000 0.614807 0.000000 -0.788678 0.582874 0.582874 0.582874
5692.473145 0.000000 2738.234131 0.000000 0.466205 0.000000 -0.884677 0.514135 0.514135 0.514135
5648.985352 0.000000 2733.425781 0.000000 0.422184 0.000000 -0.906510 0.555697 0.555697 0.555697
5683.291016 0.000000 2721.674072 0.000000 0.089585 0.000000 -0.995979 0.503380 0.503380 0.503380
5657.034668 0.000000 2743.196533 0.000000 0.391124 0.000000 -0.920338 0.644650 0.644650 0.644650
5658.057129 0.000000 2746.713135 0.000000 0.427465 0.000000 -0.904032 0.636702 0.636702 0.636702
5674.375488 0.000000 2742.793213 0.000000 0.632249 0.000000 -0.774766 0.495751 0.495751 0.495751
5684.078125 0.000000 2727.920654 0.000000 0.180647 0.000000 -0.983548 0.511818 0.511818 0.511818
5673.936523 0.000000 2764.346436 0.000000 0.420367 0.000000 -0.907354 0.579029 0.579029 0.579029
5651.704102 0.000000 2725.014160 0.000000 0.351185 0.000000 -0.936306 0.646293 0.646293 0.646293
5653.729980 0.000000 2726.840088 0.000000 0.147648 0.000000 -0.989040 0.654340 0.654340 0.654340
5650.461914 0.000000 2727.830566 0.000000 0.140806 0.000000 -0.990037 0.635061 0.635061 0.635061
5650.010742 0.000000 2761.782959 0.000000 0.549967 0.000000 -0.835187 0.632797 0.632797 0.632797
5670.078125 0.000000 2752.879639 0.000000 0.044472 0.000000 -0.999011 0.569945 0.569945 0.569945
5652.029785 0.000000 2715.176758 0.000000 0.272442 0.000000 -0.962172 0.641293 0.641293 0.641293
5653.272461 0.000000 2719.619629 0.000000 0.227763 0.000000 -0.973716 0.645799 0.645799 0.645799
5672.728027 0.000000 2754.063721 0.000000 0.403891 0.000000 -0.914807 0.531525 0.531525 0.531525
5686.848633 0.000000 2733.762695 0.000000 0.481888 0.000000 -0.876233 0.640794 0.640794 0.640794
5675.575684 0.000000 2741.980225 0.000000 0.507473 0.000000 -0.861668 0.630074 0.630074 0.630074
5654.404297 0.000000 2736.865234 0.000000 0.185653 0.000000 -0.982615 0.611105 0.611105 0.611105
5686.908203 0.000000 2723.124023 0.000000 0.289900 0.000000 -0.957057 0.547478 0.547478 0.547478
5669.210449 0.000000 2743.331543 0.000000 0.432265 0.000000 -0.901746 0.639559 0.639559 0.639559
5672.675293 0.000000 2758.290283 0.000000 0.361330 0.000000 -0.932438 0.588098 0.588098 0.588098
5654.383789 0.000000 2758.261719 0.000000 0.178205 0.000000 -0.983993 0.647528 0.647528 0.647528
5678.953613 0.000000 2764.649658 0.000000 0.600841 0.000000 -0.799369 0.633923 0.633923 0.633923
5676.208984 0.000000 2765.336670 0.000000 0.625214 0.000000 -0.780454 0.634201 0.634201 0.634201
5680.351074 0.000000 2720.158936 0.000000 0.684683 0.000000 -0.728841 0.570390 0.570390 0.570390
5674.351562 0.000000 2760.338379 0.000000 0.482388 0.000000 -0.875958 0.614943 0.614943 0.614943
5659.430664 0.000000 2751.884766 0.000000 0.477947 0.000000 -0.878389 0.635584 0.635584 0.635584
5654.709473 0.000000 2731.212158 0.000000 0.691210 0.000000 -0.722654 0.626434 0.626434 0.626434
5684.887695 0.000000 2734.837158 0.000000 0.266408 0.000000 -0.963860 0.644730 0.644730 0.644730
5682.592773 0.000000 2716.961182 0.000000 0.386359 0.000000 -0.922348 0.641243 0.641243 0.641243
5677.710938 0.000000 2762.449219 0.000000 0.148750 0.000000 -0.988875 0.640856 0.640856 0.640856
5708.721191 0.000000 2749.574951 0.000000 0.027109 0.000000 -0.999632 0.503144 0.503144 0.503144
5716.436035 0.000000 2753.521973 0.000000 0.126417 0.000000 -0.991977 0.460151 0.460151 0.460151
5698.970703 0.000000 2720.697754 0.000000 0.555566 0.000000 -0.831473 0.549020 0.549020 0.549020
5697.323730 0.000000 2717.307373 0.000000 0.192719 0.000000 -0.981254 0.589972 0.589972 0.589972
5661.096680 0.000000 2768.130615 0.000000 0.014133 0.000000 -0.999900 0.490063 0.490063 0.490063
5662.021484 0.000000 2776.001221 0.000000 0.583036 0.000000 -0.812446 0.480034 0.480034 0.480034
5661.325684 0.000000 2772.209473 0.000000 0.039625 0.000000 -0.999215 0.511794 0.511794 0.511794
5662.191406 0.000000 2769.948486 0.000000 0.306775 0.000000 -0.951782 0.642527 0.642527 0.642527
"}
