object={
	name="pine_sparse_generator_3_0"
	clamp_to_water_level=no
	render_under_water=no
	generated_content=yes
	layer="semidynamic_high"
	pdxmesh="tree_fir_001_mesh"
	count=3
	transform="5587.857422 0.000000 2650.978027 0.000000 0.554154 0.000000 0.832414 0.505986 0.505986 0.505986
5607.513672 0.000000 2652.923340 0.000000 0.117759 0.000000 0.993042 0.490046 0.490046 0.490046
5589.127930 0.000000 2652.461670 0.000000 0.219970 0.000000 0.975507 0.577792 0.577792 0.577792
"}
object={
	name="pine_sparse_generator_3_1"
	clamp_to_water_level=no
	render_under_water=no
	generated_content=yes
	layer="semidynamic_high"
	pdxmesh="tree_fir_002_mesh"
	count=3
	transform="5605.249023 0.000000 2652.486816 0.000000 0.685875 0.000000 0.727719 0.590317 0.590317 0.590317
5592.231445 0.000000 2656.443848 0.000000 0.638711 0.000000 0.769447 0.512049 0.512049 0.512049
5604.130371 0.000000 2654.766602 0.000000 0.879593 0.000000 0.475727 0.624229 0.624229 0.624229
"}
object={
	name="pine_sparse_generator_3_2"
	clamp_to_water_level=no
	render_under_water=no
	generated_content=yes
	layer="semidynamic_high"
	pdxmesh="tree_fir_003_mesh"
	count=3
	transform="5604.170898 0.000000 2652.677979 0.000000 0.975735 0.000000 0.218957 0.608100 0.608100 0.608100
5605.372070 0.000000 2658.830078 0.000000 0.986879 0.000000 0.161460 0.429754 0.429754 0.429754
5598.425293 0.000000 2661.649902 0.000000 1.000000 0.000000 -0.000447 0.504911 0.504911 0.504911
"}
object={
	name="pine_sparse_generator_3_3"
	clamp_to_water_level=no
	render_under_water=no
	generated_content=yes
	layer="semidynamic_high"
	pdxmesh="tree_fir_004_mesh"
	count=7
	transform="5600.330078 0.000000 2652.578613 0.000000 0.911615 0.000000 -0.411045 0.414984 0.414984 0.414984
5587.343262 0.000000 2649.882324 0.000000 0.915063 0.000000 -0.403312 0.449077 0.449077 0.449077
5588.864746 0.000000 2651.447998 0.000000 0.731398 0.000000 -0.681951 0.641344 0.641344 0.641344
5600.052246 0.000000 2654.787842 0.000000 0.635762 0.000000 -0.771885 0.498434 0.498434 0.498434
5601.739258 0.000000 2657.289551 0.000000 0.908642 0.000000 -0.417575 0.578819 0.578819 0.578819
5607.881348 0.000000 2654.828857 0.000000 0.640233 0.000000 -0.768181 0.550517 0.550517 0.550517
5603.792969 0.000000 2655.742188 0.000000 0.650480 0.000000 -0.759524 0.592117 0.592117 0.592117
"}
object={
	name="pine_sparse_generator_3_4"
	clamp_to_water_level=no
	render_under_water=no
	generated_content=yes
	layer="semidynamic_high"
	pdxmesh="tree_fir_005_mesh"
	count=10
	transform="5603.061035 0.000000 2653.598145 0.000000 0.336588 0.000000 -0.941652 0.552157 0.552157 0.552157
5594.165527 0.000000 2663.023438 0.000000 0.075383 0.000000 -0.997155 0.432714 0.432714 0.432714
5593.304688 0.000000 2655.759277 0.000000 0.328925 0.000000 -0.944356 0.445810 0.445810 0.445810
5603.182129 0.000000 2661.531982 0.000000 0.350305 0.000000 -0.936635 0.458140 0.458140 0.458140
5592.512695 0.000000 2662.498535 0.000000 0.329631 0.000000 -0.944110 0.471226 0.471226 0.471226
5597.055664 0.000000 2660.779297 0.000000 0.169931 0.000000 -0.985456 0.495542 0.495542 0.495542
5592.312988 0.000000 2658.194580 0.000000 0.533774 0.000000 -0.845627 0.698375 0.698375 0.698375
5593.831543 0.000000 2661.909180 0.000000 0.528010 0.000000 -0.849238 0.610963 0.610963 0.610963
5596.237305 0.000000 2658.740967 0.000000 0.120198 0.000000 -0.992750 0.576804 0.576804 0.576804
5599.684570 0.000000 2658.900879 0.000000 0.386011 0.000000 -0.922494 0.634726 0.634726 0.634726
"}
