object={
	name="pine_dense_generator_1_0"
	clamp_to_water_level=no
	render_under_water=no
	generated_content=yes
	layer="semidynamic"
	pdxmesh="tree_fir_001_mesh"
	count=0
}
object={
	name="pine_dense_generator_1_1"
	clamp_to_water_level=no
	render_under_water=no
	generated_content=yes
	layer="semidynamic"
	pdxmesh="tree_fir_002_mesh"
	count=224
	transform="2661.982422 0.000000 2196.667969 0.000000 0.270435 0.000000 0.962738 0.520190 0.520190 0.520190
2657.947754 0.000000 2195.879883 0.000000 0.076069 0.000000 0.997103 0.516910 0.516910 0.516910
2685.612061 0.000000 2185.166016 0.000000 0.407771 0.000000 0.913084 0.437960 0.437960 0.437960
2663.299805 0.000000 2192.785645 0.000000 0.139545 0.000000 0.990216 0.545348 0.545348 0.545348
2659.689941 0.000000 2198.007812 0.000000 0.666349 0.000000 0.745640 0.571135 0.571135 0.571135
2608.205322 0.000000 2259.349365 0.000000 0.422384 0.000000 0.906417 0.556657 0.556657 0.556657
2597.982422 0.000000 2253.152344 0.000000 0.575097 0.000000 0.818085 0.563404 0.563404 0.563404
2601.260742 0.000000 2247.112793 0.000000 0.007779 0.000000 0.999970 0.540297 0.540297 0.540297
2576.971924 0.000000 2252.067627 0.000000 0.152180 0.000000 0.988353 0.545836 0.545836 0.545836
2585.505615 0.000000 2256.662354 0.000000 0.583447 0.000000 0.812151 0.563796 0.563796 0.563796
2594.932617 0.000000 2256.967529 0.000000 0.040817 0.000000 0.999167 0.541560 0.541560 0.541560
2597.098633 0.000000 2245.761719 0.000000 0.463454 0.000000 0.886121 0.559956 0.559956 0.559956
2593.947754 0.000000 2252.364258 0.000000 0.251358 0.000000 0.967894 0.549705 0.549705 0.549705
2607.868652 0.000000 2251.301514 0.000000 0.002648 0.000000 0.999996 0.541980 0.541980 0.541980
2601.322754 0.000000 2251.166260 0.000000 0.606730 0.000000 0.794908 0.564902 0.564902 0.564902
2596.620605 0.000000 2249.599121 0.000000 0.664724 0.000000 0.747089 0.567774 0.567774 0.567774
2615.060791 0.000000 2244.490234 0.000000 0.259189 0.000000 0.965827 0.550015 0.550015 0.550015
2618.305176 0.000000 2246.872070 0.000000 0.173366 0.000000 0.984857 0.546656 0.546656 0.546656
2615.062500 0.000000 2253.908203 0.000000 0.085606 0.000000 0.996329 0.543274 0.543274 0.543274
2605.386719 0.000000 2257.597656 0.000000 0.397360 0.000000 0.917663 0.555609 0.555609 0.555609
2583.836426 0.000000 2253.503418 0.000000 0.046358 0.000000 0.998925 0.541771 0.541771 0.541771
2621.124756 0.000000 2255.369873 0.000000 0.099729 0.000000 0.995015 0.547671 0.547671 0.547671
2572.375244 0.000000 2257.558350 0.000000 0.616614 0.000000 0.787265 0.565380 0.565380 0.565380
2623.976562 0.000000 2253.506104 0.000000 0.352568 0.000000 0.935786 0.553763 0.553763 0.553763
2639.130859 0.000000 2242.262451 0.000000 0.595379 0.000000 0.803445 0.564360 0.564360 0.564360
2650.979736 0.000000 2244.723389 0.000000 0.129608 0.000000 0.991565 0.544965 0.544965 0.544965
2655.758545 0.000000 2233.050293 0.000000 0.044296 0.000000 0.999018 0.541693 0.541693 0.541693
2661.432373 0.000000 2213.917725 0.000000 0.398113 0.000000 0.917336 0.555640 0.555640 0.555640
2654.236816 0.000000 2255.420410 0.000000 0.094039 0.000000 0.995568 0.550786 0.550786 0.550786
2672.541992 0.000000 2225.475830 0.000000 0.041425 0.000000 0.999142 0.541583 0.541583 0.541583
2644.089355 0.000000 2247.707520 0.000000 0.653424 0.000000 0.756992 0.567200 0.567200 0.567200
2631.979980 0.000000 2245.025879 0.000000 0.545578 0.000000 0.838060 0.562043 0.562043 0.562043
2657.210205 0.000000 2247.763916 0.000000 0.672709 0.000000 0.739908 0.568184 0.568184 0.568184
2658.900879 0.000000 2202.955322 0.000000 0.578294 0.000000 0.815829 0.563554 0.563554 0.563554
2676.365479 0.000000 2242.156982 0.000000 0.283420 0.000000 0.958996 0.523967 0.523967 0.523967
2630.215332 0.000000 2251.828369 0.000000 0.439275 0.000000 0.898353 0.557372 0.557372 0.557372
2638.953369 0.000000 2256.862305 0.000000 0.133236 0.000000 0.991084 0.550809 0.550809 0.550809
2647.491943 0.000000 2203.522217 0.000000 0.249001 0.000000 0.968503 0.555639 0.555639 0.555639
2633.640869 0.000000 2256.078369 0.000000 0.495639 0.000000 0.868528 0.565482 0.565482 0.565482
2660.276123 0.000000 2236.137451 0.000000 0.244524 0.000000 0.969643 0.549436 0.549436 0.549436
2645.208252 0.000000 2242.769775 0.000000 0.122955 0.000000 0.992412 0.544708 0.544708 0.544708
2669.433838 0.000000 2232.619873 0.000000 0.686303 0.000000 0.727316 0.568892 0.568892 0.568892
2642.283447 0.000000 2204.023438 0.000000 0.079018 0.000000 0.996873 0.543021 0.543021 0.543021
2638.875732 0.000000 2247.652588 0.000000 0.418031 0.000000 0.908433 0.556474 0.556474 0.556474
2643.007568 0.000000 2220.968994 0.000000 0.621737 0.000000 0.783226 0.568594 0.568594 0.568594
2634.351318 0.000000 2223.769531 0.000000 0.380306 0.000000 0.924861 0.555255 0.555255 0.555255
2645.668701 0.000000 2212.679443 0.000000 0.094888 0.000000 0.995488 0.513006 0.513006 0.513006
2628.763672 0.000000 2239.082764 0.000000 0.427027 0.000000 0.904239 0.556853 0.556853 0.556853
2661.098633 0.000000 2245.761719 0.000000 0.410286 0.000000 0.911957 0.556149 0.556149 0.556149
2683.211426 0.000000 2232.508789 0.000000 0.698405 0.000000 0.715703 0.569533 0.569533 0.569533
2653.237549 0.000000 2236.412842 0.000000 0.658067 0.000000 0.752959 0.567435 0.567435 0.567435
2655.334473 0.000000 2243.875977 0.000000 0.046349 0.000000 0.998925 0.541771 0.541771 0.541771
2651.932861 0.000000 2223.160156 0.000000 0.310141 0.000000 0.950690 0.553738 0.553738 0.553738
2630.424561 0.000000 2223.250732 0.000000 0.699213 0.000000 0.714913 0.462842 0.462842 0.462842
2635.941895 0.000000 2244.694580 0.000000 0.019679 0.000000 0.999806 0.545863 0.545863 0.545863
2658.735840 0.000000 2242.543701 0.000000 0.309097 0.000000 0.951030 0.557556 0.557556 0.557556
2653.530273 0.000000 2230.183105 0.000000 0.179297 0.000000 0.983795 0.495103 0.495103 0.495103
2624.009766 0.000000 2245.083252 0.000000 0.386306 0.000000 0.922371 0.555678 0.555678 0.555678
2642.230469 0.000000 2240.926270 0.000000 0.060612 0.000000 0.998161 0.542317 0.542317 0.542317
2659.104248 0.000000 2211.432617 0.000000 0.129844 0.000000 0.991534 0.552850 0.552850 0.552850
2639.197021 0.000000 2214.523438 0.000000 0.379189 0.000000 0.925319 0.554856 0.554856 0.554856
2649.680908 0.000000 2236.668213 0.000000 0.556182 0.000000 0.831060 0.562528 0.562528 0.562528
2658.857422 0.000000 2232.019531 0.000000 0.577064 0.000000 0.816699 0.563639 0.563639 0.563639
2636.457520 0.000000 2254.666504 0.000000 0.152891 0.000000 0.988243 0.545863 0.545863 0.545863
2656.448975 0.000000 2228.885986 0.000000 0.252172 0.000000 0.967682 0.549737 0.549737 0.549737
2665.967773 0.000000 2232.708496 0.000000 0.611810 0.000000 0.791005 0.502360 0.502360 0.502360
2657.099609 0.000000 2236.840332 0.000000 0.652693 0.000000 0.757623 0.567163 0.567163 0.567163
2636.526855 0.000000 2225.936523 0.000000 0.473427 0.000000 0.880833 0.562066 0.562066 0.562066
2653.423096 0.000000 2241.442383 0.000000 0.017267 0.000000 0.999851 0.536009 0.536009 0.536009
2662.581055 0.000000 2238.015137 0.000000 0.596411 0.000000 0.802679 0.564409 0.564409 0.564409
2674.798096 0.000000 2239.571777 0.000000 0.364790 0.000000 0.931090 0.554263 0.554263 0.554263
2644.994385 0.000000 2205.443359 0.000000 0.297204 0.000000 0.954814 0.551527 0.551527 0.551527
2631.213623 0.000000 2241.090576 0.000000 0.294110 0.000000 0.955772 0.551403 0.551403 0.551403
2649.706787 0.000000 2216.530029 0.000000 0.675095 0.000000 0.737730 0.568308 0.568308 0.568308
2653.958740 0.000000 2213.091064 0.000000 0.294616 0.000000 0.955616 0.553900 0.553900 0.553900
2662.469482 0.000000 2229.484619 0.000000 0.042175 0.000000 0.999110 0.541611 0.541611 0.541611
2663.299805 0.000000 2249.270020 0.000000 0.667562 0.000000 0.744554 0.567919 0.567919 0.567919
2663.591309 0.000000 2244.726562 0.000000 0.461077 0.000000 0.887360 0.558304 0.558304 0.558304
2647.407959 0.000000 2214.728760 0.000000 0.626981 0.000000 0.779034 0.565885 0.565885 0.565885
2626.822754 0.000000 2236.858643 0.000000 0.582301 0.000000 0.812974 0.563742 0.563742 0.563742
2634.329590 0.000000 2227.595215 0.000000 0.013483 0.000000 0.999909 0.540515 0.540515 0.540515
2644.804932 0.000000 2202.958252 0.000000 0.621055 0.000000 0.783767 0.569845 0.569845 0.569845
2648.535645 0.000000 2219.245605 0.000000 0.129647 0.000000 0.991560 0.544966 0.544966 0.544966
2651.677979 0.000000 2207.904785 0.000000 0.133257 0.000000 0.991082 0.545105 0.545105 0.545105
2667.659912 0.000000 2239.070312 0.000000 0.660031 0.000000 0.751239 0.567535 0.567535 0.567535
2736.205322 0.000000 2202.864990 0.000000 0.023572 0.000000 0.999722 0.540900 0.540900 0.540900
2725.982422 0.000000 2196.667969 0.000000 0.046537 0.000000 0.998917 0.541778 0.541778 0.541778
2692.032471 0.000000 2178.017822 0.000000 0.083637 0.000000 0.996496 0.480364 0.480364 0.480364
2708.089355 0.000000 2191.223145 0.000000 0.194898 0.000000 0.980823 0.549346 0.549346 0.549346
2732.662354 0.000000 2196.986328 0.000000 0.125303 0.000000 0.992118 0.517186 0.517186 0.517186
2730.009521 0.000000 2201.343018 0.000000 0.549037 0.000000 0.835798 0.562201 0.562201 0.562201
2722.932617 0.000000 2200.483154 0.000000 0.105183 0.000000 0.994453 0.544025 0.544025 0.544025
2692.763672 0.000000 2182.598389 0.000000 0.698329 0.000000 0.715777 0.557997 0.557997 0.557997
2721.947754 0.000000 2195.879883 0.000000 0.451513 0.000000 0.892265 0.557894 0.557894 0.557894
2701.507080 0.000000 2182.220703 0.000000 0.459018 0.000000 0.888427 0.558626 0.558626 0.558626
2711.371094 0.000000 2189.420166 0.000000 0.035058 0.000000 0.999385 0.542490 0.542490 0.542490
2717.392090 0.000000 2191.079590 0.000000 0.664656 0.000000 0.747150 0.419367 0.419367 0.419367
2694.724365 0.000000 2179.913818 0.000000 0.120137 0.000000 0.992757 0.469947 0.469947 0.469947
2713.917236 0.000000 2191.172363 0.000000 0.079737 0.000000 0.996816 0.543049 0.543049 0.543049
2690.822754 0.000000 2180.374268 0.000000 0.575453 0.000000 0.817835 0.563421 0.563421 0.563421
2702.389404 0.000000 2179.791016 0.000000 0.666163 0.000000 0.745806 0.537605 0.537605 0.537605
2733.516602 0.000000 2217.624023 0.000000 0.385065 0.000000 0.922889 0.555099 0.555099 0.555099
2716.793701 0.000000 2205.732422 0.000000 0.467798 0.000000 0.883835 0.558594 0.558594 0.558594
2714.979736 0.000000 2244.723389 0.000000 0.002784 0.000000 0.999996 0.540106 0.540106 0.540106
2728.832275 0.000000 2206.391846 0.000000 0.352394 0.000000 0.935852 0.553756 0.553756 0.553756
2719.758545 0.000000 2233.050293 0.000000 0.642608 0.000000 0.766196 0.566658 0.566658 0.566658
2710.477783 0.000000 2237.783936 0.000000 0.651373 0.000000 0.758757 0.568581 0.568581 0.568581
2692.032471 0.000000 2234.502197 0.000000 0.044425 0.000000 0.999013 0.450219 0.450219 0.450219
2714.122314 0.000000 2213.698975 0.000000 0.173435 0.000000 0.984845 0.429906 0.429906 0.429906
2695.979980 0.000000 2245.025879 0.000000 0.098230 0.000000 0.995164 0.461539 0.461539 0.461539
2732.760498 0.000000 2241.395752 0.000000 0.515395 0.000000 0.856953 0.498304 0.498304 0.498304
2720.032227 0.000000 2239.828613 0.000000 0.008501 0.000000 0.999964 0.540325 0.540325 0.540325
2723.764893 0.000000 2228.737793 0.000000 0.697982 0.000000 0.716115 0.569510 0.569510 0.569510
2697.063721 0.000000 2233.352539 0.000000 0.523947 0.000000 0.851751 0.429654 0.429654 0.429654
2722.015137 0.000000 2223.386230 0.000000 0.401885 0.000000 0.915690 0.555797 0.555797 0.555797
2741.993896 0.000000 2224.176758 0.000000 0.475902 0.000000 0.879498 0.464259 0.464259 0.464259
2715.131592 0.000000 2219.011719 0.000000 0.323377 0.000000 0.946270 0.555368 0.555368 0.555368
2725.098633 0.000000 2245.761719 0.000000 0.242951 0.000000 0.970039 0.551950 0.551950 0.551950
2728.015625 0.000000 2210.519287 0.000000 0.581604 0.000000 0.813472 0.569117 0.569117 0.569117
2715.932861 0.000000 2223.160156 0.000000 0.414889 0.000000 0.909872 0.556342 0.556342 0.556342
2701.507080 0.000000 2238.705078 0.000000 0.207503 0.000000 0.978234 0.547984 0.547984 0.547984
2724.620605 0.000000 2249.599121 0.000000 0.505523 0.000000 0.862813 0.560244 0.560244 0.560244
2720.617920 0.000000 2206.256348 0.000000 0.564195 0.000000 0.825642 0.487867 0.487867 0.487867
2711.371094 0.000000 2245.904541 0.000000 0.659221 0.000000 0.751949 0.567494 0.567494 0.567494
2730.673340 0.000000 2203.034424 0.000000 0.395662 0.000000 0.918396 0.555538 0.555538 0.555538
2735.145508 0.000000 2221.038574 0.000000 0.338279 0.000000 0.941046 0.553181 0.553181 0.553181
2716.431641 0.000000 2210.398438 0.000000 0.177803 0.000000 0.984066 0.546828 0.546828 0.546828
2730.288330 0.000000 2226.038330 0.000000 0.616783 0.000000 0.787134 0.565388 0.565388 0.565388
2723.666992 0.000000 2239.376953 0.000000 0.074791 0.000000 0.997199 0.542859 0.542859 0.542859
2736.580566 0.000000 2233.331299 0.000000 0.372066 0.000000 0.928206 0.554562 0.554562 0.554562
2735.537109 0.000000 2230.019043 0.000000 0.147428 0.000000 0.989073 0.547783 0.547783 0.547783
2726.581055 0.000000 2238.015137 0.000000 0.334448 0.000000 0.942414 0.553026 0.553026 0.553026
2712.795410 0.000000 2230.802734 0.000000 0.469507 0.000000 0.882928 0.561993 0.561993 0.561993
2726.337891 0.000000 2216.626709 0.000000 0.219524 0.000000 0.975607 0.548454 0.548454 0.548454
2704.244385 0.000000 2232.088379 0.000000 0.318317 0.000000 0.947984 0.552374 0.552374 0.552374
2715.635498 0.000000 2225.940918 0.000000 0.136893 0.000000 0.990586 0.545245 0.545245 0.545245
2724.575195 0.000000 2205.279541 0.000000 0.265068 0.000000 0.964230 0.550247 0.550247 0.550247
2726.469482 0.000000 2229.484619 0.000000 0.422810 0.000000 0.906218 0.556675 0.556675 0.556675
2708.984863 0.000000 2240.088623 0.000000 0.571517 0.000000 0.820590 0.563237 0.563237 0.563237
2732.128174 0.000000 2230.332031 0.000000 0.523864 0.000000 0.851802 0.561061 0.561061 0.561061
2704.716797 0.000000 2234.988525 0.000000 0.123971 0.000000 0.992286 0.544748 0.544748 0.544748
2733.942871 0.000000 2224.831543 0.000000 0.689703 0.000000 0.724092 0.569071 0.569071 0.569071
2722.111328 0.000000 2234.505859 0.000000 0.456861 0.000000 0.889538 0.558123 0.558123 0.558123
2725.463867 0.000000 2210.496094 0.000000 0.087759 0.000000 0.996142 0.543356 0.543356 0.543356
2708.435791 0.000000 2245.162598 0.000000 0.650349 0.000000 0.759636 0.567045 0.567045 0.567045
2716.928223 0.000000 2220.770752 0.000000 0.156936 0.000000 0.987609 0.546019 0.546019 0.546019
2538.009521 0.000000 2370.796143 0.000000 0.136926 0.000000 0.990581 0.458972 0.458972 0.458972
2550.864258 0.000000 2370.857910 0.000000 0.621385 0.000000 0.783505 0.565612 0.565612 0.565612
2544.024170 0.000000 2368.394287 0.000000 0.589155 0.000000 0.808020 0.564065 0.564065 0.564065
2553.384521 0.000000 2372.111084 0.000000 0.617895 0.000000 0.786261 0.565442 0.565442 0.565442
2551.637939 0.000000 2388.087158 0.000000 0.096630 0.000000 0.995320 0.546126 0.546126 0.546126
2533.432373 0.000000 2383.370850 0.000000 0.493366 0.000000 0.869822 0.559708 0.559708 0.559708
2544.541992 0.000000 2394.928955 0.000000 0.600472 0.000000 0.799646 0.567865 0.567865 0.567865
2550.816650 0.000000 2373.594482 0.000000 0.420285 0.000000 0.907392 0.556568 0.556568 0.556568
2557.292725 0.000000 2384.902832 0.000000 0.148962 0.000000 0.988843 0.541171 0.541171 0.541171
2557.658936 0.000000 2407.659424 0.000000 0.213554 0.000000 0.976931 0.462926 0.462926 0.462926
2540.083252 0.000000 2392.404785 0.000000 0.378492 0.000000 0.925604 0.554827 0.554827 0.554827
2557.524170 0.000000 2389.413574 0.000000 0.107278 0.000000 0.994229 0.544106 0.544106 0.544106
2558.419189 0.000000 2414.490967 0.000000 0.146739 0.000000 0.989175 0.545625 0.545625 0.545625
2554.385010 0.000000 2374.935791 0.000000 0.000930 0.000000 1.000000 0.540036 0.540036 0.540036
2547.863525 0.000000 2396.716553 0.000000 0.500268 0.000000 0.865871 0.560012 0.560012 0.560012
2555.100830 0.000000 2382.436523 0.000000 0.626511 0.000000 0.779413 0.570481 0.570481 0.570481
2537.677002 0.000000 2390.410645 0.000000 0.571232 0.000000 0.820789 0.563224 0.563224 0.563224
2551.819336 0.000000 2391.174561 0.000000 0.547494 0.000000 0.836809 0.562427 0.562427 0.562427
2544.746582 0.000000 2375.581299 0.000000 0.679249 0.000000 0.733908 0.568523 0.568523 0.568523
2534.469482 0.000000 2398.937744 0.000000 0.362741 0.000000 0.931890 0.459294 0.459294 0.459294
2552.473389 0.000000 2380.474609 0.000000 0.348039 0.000000 0.937480 0.553851 0.553851 0.553851
2552.346436 0.000000 2394.544678 0.000000 0.245804 0.000000 0.969319 0.549486 0.549486 0.549486
2559.697998 0.000000 2417.067871 0.000000 0.006069 0.000000 0.999982 0.540232 0.540232 0.540232
2558.582031 0.000000 2387.210938 0.000000 0.246641 0.000000 0.969107 0.551400 0.551400 0.551400
2543.339111 0.000000 2372.589844 0.000000 0.568828 0.000000 0.822456 0.567380 0.567380 0.567380
2588.793701 0.000000 2262.216797 0.000000 0.672693 0.000000 0.739922 0.568184 0.568184 0.568184
2572.978516 0.000000 2260.111084 0.000000 0.027561 0.000000 0.999620 0.543711 0.543711 0.543711
2580.569336 0.000000 2264.761475 0.000000 0.355312 0.000000 0.934748 0.553875 0.553875 0.553875
2568.407471 0.000000 2267.187256 0.000000 0.500590 0.000000 0.865684 0.530642 0.530642 0.530642
2575.273193 0.000000 2281.293457 0.000000 0.278432 0.000000 0.960456 0.550778 0.550778 0.550778
2594.900879 0.000000 2259.439697 0.000000 0.479808 0.000000 0.877374 0.559115 0.559115 0.559115
2596.045898 0.000000 2264.649902 0.000000 0.619830 0.000000 0.784736 0.565536 0.565536 0.565536
2595.991211 0.000000 2275.101562 0.000000 0.532083 0.000000 0.846692 0.457303 0.457303 0.457303
2614.173828 0.000000 2265.559326 0.000000 0.453631 0.000000 0.891189 0.561692 0.561692 0.561692
2587.131592 0.000000 2275.496094 0.000000 0.297970 0.000000 0.954575 0.551557 0.551557 0.551557
2600.974609 0.000000 2270.896484 0.000000 0.707005 0.000000 0.707208 0.569995 0.569995 0.569995
2578.190674 0.000000 2268.897217 0.000000 0.146359 0.000000 0.989231 0.545611 0.545611 0.545611
2589.020508 0.000000 2272.205322 0.000000 0.288656 0.000000 0.957433 0.551185 0.551185 0.551185
2588.431641 0.000000 2266.882812 0.000000 0.656343 0.000000 0.754463 0.567348 0.567348 0.567348
2602.835938 0.000000 2265.381348 0.000000 0.424396 0.000000 0.905477 0.556742 0.556742 0.556742
2604.194824 0.000000 2271.452393 0.000000 0.029035 0.000000 0.999578 0.426099 0.426099 0.426099
2595.200439 0.000000 2272.171875 0.000000 0.623329 0.000000 0.781959 0.565706 0.565706 0.565706
2596.575195 0.000000 2261.763916 0.000000 0.307119 0.000000 0.951671 0.551924 0.551924 0.551924
2570.565186 0.000000 2261.923828 0.000000 0.256441 0.000000 0.966560 0.549906 0.549906 0.549906
2582.782471 0.000000 2266.678467 0.000000 0.659472 0.000000 0.751730 0.567506 0.567506 0.567506
2574.686768 0.000000 2273.966553 0.000000 0.661694 0.000000 0.749774 0.567620 0.567620 0.567620
2624.042236 0.000000 2259.382324 0.000000 0.228252 0.000000 0.973602 0.548796 0.548796 0.548796
2560.255127 0.000000 2419.484619 0.000000 0.404057 0.000000 0.914734 0.430800 0.430800 0.430800
2562.500488 0.000000 2392.087891 0.000000 0.580797 0.000000 0.814049 0.563671 0.563671 0.563671
2563.505127 0.000000 2415.770020 0.000000 0.315037 0.000000 0.949080 0.558329 0.558329 0.558329
2569.866211 0.000000 2411.416016 0.000000 0.399728 0.000000 0.916634 0.560745 0.560745 0.560745
2571.406250 0.000000 2405.414551 0.000000 0.669415 0.000000 0.742889 0.443820 0.443820 0.443820
2566.724365 0.000000 2405.851318 0.000000 0.439621 0.000000 0.898183 0.557386 0.557386 0.557386
2560.936035 0.000000 2394.953369 0.000000 0.387738 0.000000 0.921770 0.555209 0.555209 0.555209
2566.395264 0.000000 2402.399414 0.000000 0.001972 0.000000 0.999998 0.540075 0.540075 0.540075
2561.118652 0.000000 2417.073975 0.000000 0.632479 0.000000 0.774577 0.566156 0.566156 0.566156
5653.934570 0.000000 2709.577637 0.000000 0.230802 0.000000 0.973001 0.548896 0.548896 0.548896
5646.604980 0.000000 2702.342529 0.000000 0.274939 0.000000 0.961462 0.443454 0.443454 0.443454
5664.544434 0.000000 2702.097168 0.000000 0.702269 0.000000 0.711912 0.522190 0.522190 0.522190
5719.191895 0.000000 2700.656250 0.000000 0.118294 0.000000 0.992979 0.456299 0.456299 0.456299
5716.436035 0.000000 2697.037598 0.000000 0.634770 0.000000 0.772701 0.488721 0.488721 0.488721
5720.535645 0.000000 2671.120605 0.000000 0.225372 0.000000 0.974273 0.464334 0.464334 0.464334
5720.077637 0.000000 2664.162109 0.000000 0.188196 0.000000 0.982132 0.552095 0.552095 0.552095
5674.288574 0.000000 2734.397705 0.000000 0.405895 0.000000 0.913920 0.418997 0.418997 0.418997
5673.676758 0.000000 2729.316895 0.000000 0.050209 0.000000 0.998739 0.424202 0.424202 0.424202
5687.819336 0.000000 2730.080811 0.000000 0.619635 0.000000 0.784890 0.565526 0.565526 0.565526
5670.581055 0.000000 2746.374512 0.000000 0.273150 0.000000 0.961972 0.550702 0.550702 0.550702
5652.994629 0.000000 2713.802734 0.000000 0.095610 0.000000 0.995419 0.494096 0.494096 0.494096
5685.519043 0.000000 2737.875488 0.000000 0.272483 0.000000 0.962161 0.450364 0.450364 0.450364
5690.637207 0.000000 2738.183594 0.000000 0.607383 0.000000 0.794409 0.451948 0.451948 0.451948
5654.782715 0.000000 2718.553467 0.000000 0.492617 0.000000 0.870246 0.531547 0.531547 0.531547
5655.408203 0.000000 2723.088135 0.000000 0.576084 0.000000 0.817391 0.568349 0.568349 0.568349
5649.436523 0.000000 2735.119141 0.000000 0.186240 0.000000 0.982504 0.452020 0.452020 0.452020
5670.646484 0.000000 2743.407227 0.000000 0.018130 0.000000 0.999836 0.527320 0.527320 0.527320
5685.428223 0.000000 2729.091309 0.000000 0.366731 0.000000 0.930327 0.558729 0.558729 0.558729
5696.090332 0.000000 2714.545654 0.000000 0.069024 0.000000 0.997615 0.549837 0.549837 0.549837
5662.961914 0.000000 2768.695801 0.000000 0.577963 0.000000 0.816063 0.567756 0.567756 0.567756
5661.958984 0.000000 2777.934814 0.000000 0.161774 0.000000 0.986828 0.458367 0.458367 0.458367
"}
object={
	name="pine_dense_generator_1_2"
	clamp_to_water_level=no
	render_under_water=no
	generated_content=yes
	layer="semidynamic"
	pdxmesh="tree_fir_003_mesh"
	count=219
	transform="2668.760498 0.000000 2184.911377 0.000000 0.727332 0.000000 0.686286 0.441663 0.441663 0.441663
2665.260742 0.000000 2190.628418 0.000000 0.876302 0.000000 0.481763 0.580800 0.580800 0.580800
2665.322754 0.000000 2194.681885 0.000000 0.876611 0.000000 0.481201 0.580824 0.580824 0.580824
2660.620605 0.000000 2193.114746 0.000000 0.993805 0.000000 0.111136 0.595746 0.595746 0.595746
2662.346680 0.000000 2200.663818 0.000000 0.765993 0.000000 0.642849 0.574272 0.574272 0.574272
2657.062500 0.000000 2198.480225 0.000000 0.719962 0.000000 0.694014 0.570701 0.570701 0.570701
2618.368164 0.000000 2254.816650 0.000000 0.789777 0.000000 0.613394 0.574776 0.574776 0.574776
2590.236816 0.000000 2255.420410 0.000000 0.873769 0.000000 0.486341 0.580600 0.580600 0.580600
2585.621582 0.000000 2250.765381 0.000000 0.967762 0.000000 0.251865 0.590275 0.590275 0.590275
2623.586426 0.000000 2256.325195 0.000000 0.813184 0.000000 0.582007 0.576272 0.576272 0.576272
2581.503174 0.000000 2251.209717 0.000000 0.827460 0.000000 0.561524 0.577226 0.577226 0.577226
2578.579102 0.000000 2258.079590 0.000000 0.754652 0.000000 0.656125 0.572663 0.572663 0.572663
2611.402588 0.000000 2256.857910 0.000000 0.987332 0.000000 0.158670 0.593914 0.593914 0.593914
2589.392090 0.000000 2247.563965 0.000000 0.730347 0.000000 0.683077 0.572910 0.572910 0.572910
2598.346680 0.000000 2257.148193 0.000000 0.719926 0.000000 0.694051 0.570699 0.570699 0.570699
2572.457520 0.000000 2254.666504 0.000000 0.759838 0.000000 0.650112 0.572967 0.572967 0.572967
2613.861084 0.000000 2250.957031 0.000000 0.709994 0.000000 0.704208 0.570156 0.570156 0.570156
2577.722656 0.000000 2255.067871 0.000000 0.996994 0.000000 0.077476 0.504761 0.504761 0.504761
2585.917236 0.000000 2247.656738 0.000000 0.945632 0.000000 0.325239 0.464714 0.464714 0.464714
2570.072266 0.000000 2259.062744 0.000000 0.945184 0.000000 0.326538 0.587294 0.587294 0.587294
2581.934570 0.000000 2257.702637 0.000000 0.994470 0.000000 0.105026 0.595981 0.595981 0.595981
2599.299805 0.000000 2249.270020 0.000000 0.731934 0.000000 0.681376 0.571366 0.571366 0.571366
2593.062500 0.000000 2254.964600 0.000000 0.833705 0.000000 0.552211 0.577654 0.577654 0.577654
2599.591309 0.000000 2244.726562 0.000000 0.921602 0.000000 0.388137 0.464649 0.464649 0.464649
2574.650879 0.000000 2253.231445 0.000000 0.954165 0.000000 0.299282 0.588390 0.588390 0.588390
2591.328613 0.000000 2253.212402 0.000000 0.934742 0.000000 0.355327 0.586124 0.586124 0.586124
2644.968506 0.000000 2255.015625 0.000000 0.998678 0.000000 0.051405 0.598036 0.598036 0.598036
2645.705078 0.000000 2229.758301 0.000000 0.996142 0.000000 0.087759 0.398780 0.398780 0.398780
2662.231201 0.000000 2241.419678 0.000000 0.929284 0.000000 0.369365 0.586881 0.586881 0.586881
2680.065674 0.000000 2228.253174 0.000000 0.935314 0.000000 0.353820 0.586917 0.586917 0.586917
2655.453613 0.000000 2219.620850 0.000000 0.997109 0.000000 0.075984 0.597095 0.597095 0.597095
2642.127686 0.000000 2216.166748 0.000000 0.974424 0.000000 0.224718 0.591343 0.591343 0.591343
2671.722412 0.000000 2247.210205 0.000000 0.997017 0.000000 0.077176 0.597049 0.597049 0.597049
2633.400879 0.000000 2219.009766 0.000000 0.970275 0.000000 0.242003 0.550695 0.550695 0.550695
2624.255127 0.000000 2250.031494 0.000000 0.767974 0.000000 0.640481 0.573448 0.573448 0.573448
2646.477783 0.000000 2237.783936 0.000000 0.823063 0.000000 0.567949 0.576928 0.576928 0.576928
2647.890625 0.000000 2221.948242 0.000000 0.990542 0.000000 0.137209 0.594742 0.594742 0.594742
2650.122314 0.000000 2213.698975 0.000000 0.999975 0.000000 0.007045 0.599769 0.599769 0.599769
2633.203857 0.000000 2238.591309 0.000000 0.809072 0.000000 0.587710 0.576004 0.576004 0.576004
2638.873047 0.000000 2210.937744 0.000000 0.863158 0.000000 0.504934 0.579782 0.579782 0.579782
2659.764893 0.000000 2228.737793 0.000000 0.995926 0.000000 0.090173 0.596551 0.596551 0.596551
2641.256836 0.000000 2237.605469 0.000000 0.839457 0.000000 0.543427 0.545171 0.545171 0.545171
2636.552734 0.000000 2229.084717 0.000000 0.998950 0.000000 0.045822 0.478150 0.478150 0.478150
2668.083252 0.000000 2222.951660 0.000000 0.882916 0.000000 0.469530 0.581331 0.581331 0.581331
2635.929443 0.000000 2214.896484 0.000000 0.786965 0.000000 0.616998 0.531652 0.531652 0.531652
2650.709961 0.000000 2239.930664 0.000000 0.992544 0.000000 0.121884 0.595333 0.595333 0.595333
2649.237549 0.000000 2209.049561 0.000000 0.829638 0.000000 0.558301 0.577374 0.577374 0.577374
2677.993896 0.000000 2224.176758 0.000000 0.862617 0.000000 0.505858 0.581767 0.581767 0.581767
2654.060547 0.000000 2251.045410 0.000000 0.827854 0.000000 0.560944 0.577253 0.577253 0.577253
2656.426758 0.000000 2215.328369 0.000000 0.881456 0.000000 0.472265 0.581212 0.581212 0.581212
2651.131592 0.000000 2219.011719 0.000000 0.759506 0.000000 0.650501 0.575228 0.575228 0.575228
2641.260010 0.000000 2229.347656 0.000000 0.911033 0.000000 0.412334 0.465384 0.465384 0.465384
2669.311035 0.000000 2237.240479 0.000000 0.969009 0.000000 0.247024 0.591270 0.591270 0.591270
2662.889160 0.000000 2226.330322 0.000000 0.962915 0.000000 0.269804 0.439039 0.439039 0.439039
2637.507080 0.000000 2238.705078 0.000000 0.996688 0.000000 0.081320 0.596890 0.596890 0.596890
2672.647949 0.000000 2243.366455 0.000000 0.772852 0.000000 0.634587 0.573740 0.573740 0.573740
2660.620605 0.000000 2249.599121 0.000000 0.710557 0.000000 0.703640 0.570187 0.570187 0.570187
2647.371094 0.000000 2245.904541 0.000000 0.814138 0.000000 0.580672 0.576335 0.576335 0.576335
2647.293701 0.000000 2226.455322 0.000000 0.947087 0.000000 0.320978 0.587812 0.587812 0.587812
2679.060791 0.000000 2244.490234 0.000000 0.997698 0.000000 0.067813 0.597408 0.597408 0.597408
2671.145508 0.000000 2221.038574 0.000000 0.937319 0.000000 0.348473 0.587684 0.587684 0.587684
2653.392090 0.000000 2247.563965 0.000000 0.963580 0.000000 0.267421 0.589761 0.589761 0.589761
2633.866211 0.000000 2241.962891 0.000000 0.989560 0.000000 0.144120 0.594476 0.594476 0.594476
2653.020508 0.000000 2215.720947 0.000000 0.934729 0.000000 0.355362 0.586449 0.586449 0.586449
2652.431641 0.000000 2210.398438 0.000000 0.998628 0.000000 0.052373 0.598175 0.598175 0.598175
2650.987305 0.000000 2202.979492 0.000000 0.880797 0.000000 0.473494 0.581159 0.581159 0.581159
2630.724365 0.000000 2236.398193 0.000000 0.850069 0.000000 0.526671 0.578813 0.578813 0.578813
2630.508057 0.000000 2254.981689 0.000000 0.899463 0.000000 0.436996 0.582725 0.582725 0.582725
2675.016113 0.000000 2223.741699 0.000000 0.754265 0.000000 0.656571 0.576396 0.576396 0.576396
2643.991699 0.000000 2236.118164 0.000000 0.848222 0.000000 0.529641 0.580393 0.580393 0.580393
2645.934570 0.000000 2257.702637 0.000000 0.952560 0.000000 0.304350 0.588187 0.588187 0.588187
2637.099609 0.000000 2222.667236 0.000000 0.949884 0.000000 0.312603 0.587856 0.587856 0.587856
2647.191895 0.000000 2248.781250 0.000000 0.985520 0.000000 0.169559 0.593492 0.593492 0.593492
2636.083740 0.000000 2248.404541 0.000000 0.997290 0.000000 0.073575 0.597331 0.597331 0.597331
2659.200439 0.000000 2215.687500 0.000000 0.740355 0.000000 0.672216 0.571841 0.571841 0.571841
2651.635498 0.000000 2225.940918 0.000000 0.978226 0.000000 0.207543 0.476105 0.476105 0.476105
2652.947998 0.000000 2232.962402 0.000000 0.998751 0.000000 0.049956 0.598091 0.598091 0.598091
2638.979980 0.000000 2227.730713 0.000000 0.966300 0.000000 0.257420 0.590055 0.590055 0.590055
2646.782471 0.000000 2210.194092 0.000000 0.825782 0.000000 0.563989 0.577112 0.577112 0.577112
2685.738281 0.000000 2231.139893 0.000000 0.962458 0.000000 0.271430 0.581569 0.581569 0.581569
2636.721436 0.000000 2241.215576 0.000000 0.842290 0.000000 0.539025 0.578255 0.578255 0.578255
2662.824463 0.000000 2208.128418 0.000000 0.992845 0.000000 0.119412 0.595428 0.595428 0.595428
2662.385986 0.000000 2219.735596 0.000000 0.893130 0.000000 0.449800 0.582179 0.582179 0.582179
2658.111328 0.000000 2234.505859 0.000000 0.783789 0.000000 0.621027 0.574406 0.574406 0.574406
2635.442871 0.000000 2220.699219 0.000000 0.890344 0.000000 0.455289 0.581944 0.581944 0.581944
2634.235840 0.000000 2246.574951 0.000000 0.783985 0.000000 0.620779 0.574418 0.574418 0.574418
2677.633789 0.000000 2239.947754 0.000000 0.962340 0.000000 0.271848 0.589484 0.589484 0.589484
2642.498535 0.000000 2206.708740 0.000000 0.976238 0.000000 0.216699 0.591657 0.591657 0.591657
2670.693848 0.000000 2234.949219 0.000000 0.767724 0.000000 0.640781 0.573433 0.573433 0.573433
2626.310791 0.000000 2239.501709 0.000000 0.743010 0.000000 0.669281 0.571992 0.571992 0.571992
2626.552734 0.000000 2258.966797 0.000000 0.765512 0.000000 0.643421 0.573302 0.573302 0.573302
2657.641846 0.000000 2220.969238 0.000000 0.930874 0.000000 0.365341 0.586022 0.586022 0.586022
2703.130859 0.000000 2185.778076 0.000000 0.731456 0.000000 0.681889 0.555839 0.555839 0.555839
2718.236816 0.000000 2198.936035 0.000000 0.855519 0.000000 0.517772 0.496560 0.496560 0.496560
2739.402588 0.000000 2200.373535 0.000000 0.734654 0.000000 0.678442 0.497975 0.497975 0.497975
2706.230469 0.000000 2184.441895 0.000000 0.996995 0.000000 0.077462 0.597038 0.597038 0.597038
2711.191895 0.000000 2192.296875 0.000000 0.782241 0.000000 0.622975 0.578038 0.578038 0.578038
2716.380127 0.000000 2201.256592 0.000000 0.856911 0.000000 0.515464 0.579314 0.579314 0.579314
2731.601562 0.000000 2199.306396 0.000000 0.947370 0.000000 0.320142 0.587552 0.587552 0.587552
2708.435791 0.000000 2188.678223 0.000000 0.903825 0.000000 0.427903 0.583110 0.583110 0.583110
2703.869873 0.000000 2183.229004 0.000000 0.987280 0.000000 0.158990 0.593901 0.593901 0.593901
2709.705078 0.000000 2229.758301 0.000000 0.997825 0.000000 0.065924 0.597697 0.597697 0.597697
2726.231201 0.000000 2241.419678 0.000000 0.793819 0.000000 0.608154 0.575029 0.575029 0.575029
2721.210205 0.000000 2247.763916 0.000000 0.763870 0.000000 0.645371 0.568180 0.568180 0.568180
2718.530029 0.000000 2226.350586 0.000000 0.766554 0.000000 0.642180 0.573364 0.573364 0.573364
2722.900879 0.000000 2202.955322 0.000000 0.991453 0.000000 0.130464 0.595002 0.595002 0.595002
2729.385498 0.000000 2235.808838 0.000000 0.997845 0.000000 0.065620 0.597492 0.597492 0.597492
2719.825928 0.000000 2211.012939 0.000000 0.939825 0.000000 0.341655 0.586682 0.586682 0.586682
2738.789307 0.000000 2214.978027 0.000000 0.771874 0.000000 0.635776 0.573682 0.573682 0.573682
2738.585205 0.000000 2230.784912 0.000000 0.718401 0.000000 0.695629 0.573265 0.573265 0.573265
2724.276123 0.000000 2236.137451 0.000000 0.951932 0.000000 0.306310 0.588109 0.588109 0.588109
2705.256836 0.000000 2237.605469 0.000000 0.853657 0.000000 0.520836 0.579074 0.579074 0.579074
2709.208252 0.000000 2242.769775 0.000000 0.922527 0.000000 0.385932 0.584866 0.584866 0.584866
2733.433838 0.000000 2232.619873 0.000000 0.747058 0.000000 0.664759 0.572224 0.572224 0.572224
2714.709961 0.000000 2239.930664 0.000000 0.978199 0.000000 0.207670 0.592009 0.592009 0.592009
2728.763184 0.000000 2218.012695 0.000000 0.955296 0.000000 0.295651 0.583305 0.583305 0.583305
2717.237549 0.000000 2236.412842 0.000000 0.937699 0.000000 0.347448 0.586446 0.586446 0.586446
2733.375000 0.000000 2227.812256 0.000000 0.994670 0.000000 0.103106 0.596055 0.596055 0.596055
2726.686279 0.000000 2203.196289 0.000000 0.879397 0.000000 0.476090 0.581046 0.581046 0.581046
2722.735840 0.000000 2242.543701 0.000000 0.881367 0.000000 0.472433 0.582348 0.582348 0.582348
2729.204590 0.000000 2239.451904 0.000000 0.992809 0.000000 0.119708 0.595417 0.595417 0.595417
2729.656006 0.000000 2243.000488 0.000000 0.987413 0.000000 0.158163 0.593933 0.593933 0.593933
2734.042969 0.000000 2208.745361 0.000000 0.767953 0.000000 0.640506 0.573447 0.573447 0.573447
2706.230469 0.000000 2240.926270 0.000000 0.963059 0.000000 0.269292 0.589585 0.589585 0.589585
2710.628418 0.000000 2232.917725 0.000000 0.999374 0.000000 0.035380 0.598648 0.598648 0.598648
2713.680908 0.000000 2236.668213 0.000000 0.856075 0.000000 0.516852 0.579252 0.579252 0.579252
2740.463867 0.000000 2217.972412 0.000000 0.884027 0.000000 0.467435 0.505380 0.505380 0.505380
2720.448975 0.000000 2228.885986 0.000000 0.879673 0.000000 0.475579 0.581069 0.581069 0.581069
2721.099609 0.000000 2236.840332 0.000000 0.822813 0.000000 0.568313 0.576912 0.576912 0.576912
2713.917236 0.000000 2247.656738 0.000000 0.860361 0.000000 0.509685 0.485598 0.485598 0.485598
2732.194824 0.000000 2214.968018 0.000000 0.992326 0.000000 0.123652 0.595265 0.595265 0.595265
2707.991699 0.000000 2236.118164 0.000000 0.771329 0.000000 0.636436 0.573649 0.573649 0.573649
2718.961914 0.000000 2203.852051 0.000000 0.990945 0.000000 0.134269 0.595491 0.595491 0.595491
2718.952637 0.000000 2222.402832 0.000000 0.999738 0.000000 0.022886 0.599232 0.599232 0.599232
2716.947998 0.000000 2232.962402 0.000000 0.949231 0.000000 0.314579 0.587776 0.587776 0.587776
2700.721436 0.000000 2241.215576 0.000000 0.951571 0.000000 0.307428 0.588064 0.588064 0.588064
2726.824463 0.000000 2208.128418 0.000000 0.995113 0.000000 0.098742 0.596222 0.596222 0.596222
2732.051758 0.000000 2234.984863 0.000000 0.785447 0.000000 0.618929 0.574508 0.574508 0.574508
2726.385986 0.000000 2219.735596 0.000000 0.977845 0.000000 0.209331 0.591945 0.591945 0.591945
2707.362793 0.000000 2230.878418 0.000000 0.943257 0.000000 0.332064 0.587071 0.587071 0.587071
2731.659912 0.000000 2239.070312 0.000000 0.941429 0.000000 0.337210 0.586862 0.586862 0.586862
2715.190674 0.000000 2231.199951 0.000000 0.723186 0.000000 0.690653 0.570879 0.570879 0.570879
2721.641846 0.000000 2220.969238 0.000000 0.980510 0.000000 0.196468 0.592446 0.592446 0.592446
2547.402588 0.000000 2369.826660 0.000000 0.948679 0.000000 0.316241 0.588746 0.588746 0.588746
2551.062500 0.000000 2366.876953 0.000000 0.971350 0.000000 0.237655 0.590835 0.590835 0.590835
2541.516602 0.000000 2387.077148 0.000000 0.874964 0.000000 0.484188 0.580770 0.580770 0.580770
2537.563477 0.000000 2398.834717 0.000000 0.858453 0.000000 0.512892 0.579429 0.579429 0.579429
2536.832275 0.000000 2375.844971 0.000000 0.826320 0.000000 0.563201 0.577148 0.577148 0.577148
2559.957764 0.000000 2393.242676 0.000000 0.949185 0.000000 0.314719 0.587771 0.587771 0.587771
2554.511719 0.000000 2392.853760 0.000000 0.896278 0.000000 0.443492 0.583584 0.583584 0.583584
2546.842529 0.000000 2390.213623 0.000000 0.997909 0.000000 0.064642 0.597549 0.597549 0.597549
2557.212891 0.000000 2397.735596 0.000000 0.822746 0.000000 0.568410 0.576907 0.576907 0.576907
2536.763184 0.000000 2387.465820 0.000000 0.994596 0.000000 0.103823 0.596027 0.596027 0.596027
2550.173828 0.000000 2378.528076 0.000000 0.999698 0.000000 0.024584 0.599061 0.599061 0.599061
2546.318359 0.000000 2372.549561 0.000000 0.843984 0.000000 0.536368 0.578376 0.578376 0.578376
2549.993896 0.000000 2393.629883 0.000000 0.772435 0.000000 0.635094 0.573715 0.573715 0.573715
2536.015625 0.000000 2379.972412 0.000000 0.761921 0.000000 0.647670 0.573406 0.573406 0.573406
2558.624512 0.000000 2381.163818 0.000000 0.773272 0.000000 0.634074 0.577572 0.577572 0.577572
2538.673340 0.000000 2372.487549 0.000000 0.957699 0.000000 0.287773 0.588850 0.588850 0.588850
2536.974609 0.000000 2383.865234 0.000000 0.874193 0.000000 0.485578 0.580633 0.580633 0.580633
2548.014648 0.000000 2381.187012 0.000000 0.997104 0.000000 0.076051 0.597149 0.597149 0.597149
2544.918701 0.000000 2387.329834 0.000000 0.879509 0.000000 0.475882 0.581055 0.581055 0.581055
2538.288330 0.000000 2395.491455 0.000000 0.780551 0.000000 0.625093 0.574207 0.574207 0.574207
2538.835938 0.000000 2378.350098 0.000000 0.887933 0.000000 0.459973 0.583927 0.583927 0.583927
2556.832764 0.000000 2404.665527 0.000000 0.909365 0.000000 0.416000 0.490440 0.490440 0.490440
2547.016113 0.000000 2393.194824 0.000000 0.841028 0.000000 0.540991 0.578166 0.578166 0.578166
2531.200439 0.000000 2385.140625 0.000000 0.889545 0.000000 0.456848 0.530592 0.530592 0.530592
2556.013184 0.000000 2387.208496 0.000000 0.780883 0.000000 0.624677 0.575845 0.575845 0.575845
2534.824463 0.000000 2377.581543 0.000000 0.963081 0.000000 0.269210 0.589589 0.589589 0.589589
2549.427979 0.000000 2390.185059 0.000000 0.722184 0.000000 0.691702 0.570823 0.570823 0.570823
2557.638184 0.000000 2392.066895 0.000000 0.934170 0.000000 0.356829 0.586063 0.586063 0.586063
2537.128906 0.000000 2393.209473 0.000000 0.925137 0.000000 0.379634 0.585126 0.585126 0.585126
2557.251953 0.000000 2379.158203 0.000000 0.909826 0.000000 0.414991 0.583654 0.583654 0.583654
2600.832275 0.000000 2262.876221 0.000000 0.988997 0.000000 0.147935 0.594328 0.594328 0.594328
2614.816650 0.000000 2260.625732 0.000000 0.850791 0.000000 0.525504 0.578865 0.578865 0.578865
2571.929443 0.000000 2271.380859 0.000000 0.990694 0.000000 0.136112 0.500830 0.500830 0.500830
2582.937256 0.000000 2273.802246 0.000000 0.976849 0.000000 0.213929 0.591765 0.591765 0.591765
2600.015625 0.000000 2267.003662 0.000000 0.878728 0.000000 0.477323 0.580993 0.580993 0.580993
2575.831299 0.000000 2263.546875 0.000000 0.907007 0.000000 0.421117 0.583397 0.583397 0.583397
2598.686279 0.000000 2259.680664 0.000000 0.989976 0.000000 0.141235 0.594587 0.594587 0.594587
2595.104248 0.000000 2267.916992 0.000000 0.855065 0.000000 0.518520 0.579178 0.579178 0.579178
2586.987305 0.000000 2259.463867 0.000000 0.918881 0.000000 0.394535 0.586422 0.586422 0.586422
2585.661133 0.000000 2262.441162 0.000000 0.934976 0.000000 0.354712 0.586557 0.586557 0.586557
2590.961914 0.000000 2260.336426 0.000000 0.833492 0.000000 0.552532 0.577639 0.577639 0.577639
2580.994385 0.000000 2261.927734 0.000000 0.811191 0.000000 0.584781 0.576142 0.576142 0.576142
2590.608887 0.000000 2264.914551 0.000000 0.893338 0.000000 0.449384 0.582197 0.582197 0.582197
2616.639160 0.000000 2264.347412 0.000000 0.941713 0.000000 0.336417 0.503743 0.503743 0.503743
2598.824463 0.000000 2264.612793 0.000000 0.951243 0.000000 0.308443 0.588023 0.588023 0.588023
2617.460693 0.000000 2259.478271 0.000000 0.878605 0.000000 0.477549 0.539902 0.539902 0.539902
2577.436523 0.000000 2283.244141 0.000000 0.908242 0.000000 0.418445 0.582871 0.582871 0.582871
2569.795410 0.000000 2259.399414 0.000000 0.975778 0.000000 0.218763 0.578171 0.578171 0.578171
2588.928223 0.000000 2277.255127 0.000000 0.993813 0.000000 0.111068 0.596024 0.596024 0.596024
2584.077637 0.000000 2268.771484 0.000000 0.992570 0.000000 0.121672 0.595341 0.595341 0.595341
2626.396484 0.000000 2261.237061 0.000000 0.785415 0.000000 0.618969 0.574506 0.574506 0.574506
2634.565186 0.000000 2261.923828 0.000000 0.728220 0.000000 0.685344 0.575400 0.575400 0.575400
2561.451416 0.000000 2384.519287 0.000000 0.808514 0.000000 0.588477 0.575967 0.575967 0.575967
2569.063721 0.000000 2402.805664 0.000000 0.959281 0.000000 0.282454 0.589062 0.589062 0.589062
2564.763672 0.000000 2408.535889 0.000000 0.794087 0.000000 0.607804 0.575046 0.575046 0.575046
2565.119141 0.000000 2388.778076 0.000000 0.905465 0.000000 0.424421 0.433645 0.433645 0.433645
2560.513916 0.000000 2388.424561 0.000000 0.919280 0.000000 0.393603 0.584547 0.584547 0.584547
2563.837158 0.000000 2395.905762 0.000000 0.999901 0.000000 0.014043 0.599498 0.599498 0.599498
2564.957520 0.000000 2412.190918 0.000000 0.723183 0.000000 0.690657 0.570879 0.570879 0.570879
2569.604492 0.000000 2399.798096 0.000000 0.929248 0.000000 0.369457 0.515515 0.515515 0.515515
5712.971680 0.000000 2703.942627 0.000000 0.786194 0.000000 0.617980 0.390686 0.390686 0.390686
5703.213379 0.000000 2692.965576 0.000000 0.996574 0.000000 0.082709 0.508532 0.508532 0.508532
5721.706543 0.000000 2668.405029 0.000000 0.844662 0.000000 0.535300 0.581639 0.581639 0.581639
5719.408203 0.000000 2666.603760 0.000000 0.845263 0.000000 0.534350 0.512186 0.512186 0.512186
5704.173828 0.000000 2677.031982 0.000000 0.807421 0.000000 0.589975 0.522778 0.522778 0.522778
5649.722656 0.000000 2763.427246 0.000000 0.767454 0.000000 0.641105 0.575763 0.575763 0.575763
5680.746582 0.000000 2714.487549 0.000000 0.742474 0.000000 0.669875 0.547895 0.547895 0.547895
5652.094727 0.000000 2726.650879 0.000000 0.743011 0.000000 0.669279 0.571992 0.571992 0.571992
5652.832520 0.000000 2723.829590 0.000000 0.988233 0.000000 0.152959 0.594134 0.594134 0.594134
5671.591309 0.000000 2753.085938 0.000000 0.790203 0.000000 0.612846 0.514702 0.514702 0.514702
5655.068359 0.000000 2715.761230 0.000000 0.888748 0.000000 0.458396 0.506871 0.506871 0.506871
5654.077637 0.000000 2728.424561 0.000000 0.945886 0.000000 0.324498 0.587377 0.587377 0.587377
5675.601562 0.000000 2764.150146 0.000000 0.998309 0.000000 0.058136 0.597983 0.597983 0.597983
5688.346680 0.000000 2733.450928 0.000000 0.952657 0.000000 0.304047 0.588199 0.588199 0.588199
5652.805176 0.000000 2711.317627 0.000000 0.999081 0.000000 0.042857 0.598584 0.598584 0.598584
5665.491699 0.000000 2773.629639 0.000000 0.960605 0.000000 0.277916 0.590529 0.590529 0.590529
"}
object={
	name="pine_dense_generator_1_3"
	clamp_to_water_level=no
	render_under_water=no
	generated_content=yes
	layer="semidynamic"
	pdxmesh="tree_fir_004_mesh"
	count=212
	transform="2676.365479 0.000000 2185.672607 0.000000 0.892039 0.000000 -0.451957 0.617913 0.617913 0.617913
2685.658936 0.000000 2181.721924 0.000000 0.893260 0.000000 -0.449539 0.617809 0.617809 0.617809
2680.315674 0.000000 2183.415283 0.000000 0.903851 0.000000 -0.427848 0.616887 0.616887 0.616887
2672.647949 0.000000 2186.882080 0.000000 0.981825 0.000000 -0.189790 0.607294 0.607294 0.607294
2654.953613 0.000000 2202.658691 0.000000 0.896732 0.000000 -0.442573 0.617512 0.617512 0.617512
2652.380127 0.000000 2201.256592 0.000000 0.999903 0.000000 -0.013939 0.600454 0.600454 0.600454
2687.510010 0.000000 2183.624756 0.000000 0.859785 0.000000 -0.510656 0.619829 0.619829 0.619829
2580.968506 0.000000 2255.015625 0.000000 0.885393 0.000000 -0.464843 0.618467 0.618467 0.618467
2607.722412 0.000000 2247.210205 0.000000 0.962791 0.000000 -0.270246 0.610453 0.610453 0.610453
2593.210205 0.000000 2247.763916 0.000000 0.916408 0.000000 -0.400246 0.615729 0.615729 0.615729
2604.662354 0.000000 2253.470703 0.000000 0.842294 0.000000 -0.539018 0.621745 0.621745 0.621745
2621.248291 0.000000 2248.892578 0.000000 0.903191 0.000000 -0.429238 0.616149 0.616149 0.616149
2574.953369 0.000000 2256.862305 0.000000 0.960900 0.000000 -0.276894 0.574764 0.574764 0.574764
2611.214111 0.000000 2249.147949 0.000000 0.747236 0.000000 -0.664558 0.627766 0.627766 0.627766
2608.024170 0.000000 2255.425537 0.000000 0.903534 0.000000 -0.428517 0.616916 0.616916 0.616916
2617.910400 0.000000 2250.841553 0.000000 0.959701 0.000000 -0.281023 0.610881 0.610881 0.610881
2619.981689 0.000000 2258.109863 0.000000 0.881297 0.000000 -0.472562 0.616662 0.616662 0.616662
2587.595215 0.000000 2253.414307 0.000000 0.851601 0.000000 -0.524190 0.620249 0.620249 0.620249
2601.065186 0.000000 2254.596191 0.000000 0.722475 0.000000 -0.691397 0.629161 0.629161 0.629161
2583.191895 0.000000 2248.781250 0.000000 0.889124 0.000000 -0.457667 0.616627 0.616627 0.616627
2588.380127 0.000000 2257.740967 0.000000 0.772814 0.000000 -0.634632 0.626262 0.626262 0.626262
2579.443848 0.000000 2252.810303 0.000000 0.957304 0.000000 -0.289083 0.611202 0.611202 0.611202
2592.544434 0.000000 2250.222168 0.000000 0.999803 0.000000 -0.019858 0.573789 0.573789 0.573789
2623.697998 0.000000 2247.614746 0.000000 0.976257 0.000000 -0.216614 0.559600 0.559600 0.559600
2623.510010 0.000000 2240.109131 0.000000 0.982387 0.000000 -0.186856 0.607180 0.607180 0.607180
2625.319092 0.000000 2241.779053 0.000000 0.978422 0.000000 -0.206615 0.607949 0.607949 0.607949
2652.793701 0.000000 2205.732422 0.000000 0.834166 0.000000 -0.551514 0.620476 0.620476 0.620476
2628.458496 0.000000 2257.356689 0.000000 0.817201 0.000000 -0.576353 0.623049 0.623049 0.623049
2631.671631 0.000000 2227.747070 0.000000 0.994656 0.000000 -0.103244 0.408693 0.408693 0.408693
2661.982422 0.000000 2253.152344 0.000000 0.878933 0.000000 -0.476944 0.436128 0.436128 0.436128
2664.832275 0.000000 2206.391846 0.000000 0.780267 0.000000 -0.625446 0.576373 0.576373 0.576373
2673.272949 0.000000 2236.515625 0.000000 0.979510 0.000000 -0.201397 0.607746 0.607746 0.607746
2644.569336 0.000000 2208.277100 0.000000 0.861726 0.000000 -0.507374 0.620167 0.620167 0.620167
2628.032471 0.000000 2234.502197 0.000000 0.925078 0.000000 -0.379776 0.614880 0.614880 0.614880
2668.760498 0.000000 2241.395752 0.000000 0.802025 0.000000 -0.597290 0.624451 0.624451 0.624451
2656.032227 0.000000 2239.828613 0.000000 0.836005 0.000000 -0.548722 0.620011 0.620011 0.620011
2665.385498 0.000000 2235.808838 0.000000 0.909747 0.000000 -0.415163 0.581755 0.581755 0.581755
2650.073975 0.000000 2233.406982 0.000000 0.858883 0.000000 -0.512172 0.617720 0.617720 0.617720
2685.658936 0.000000 2238.206299 0.000000 0.901936 0.000000 -0.431870 0.458335 0.458335 0.458335
2660.045898 0.000000 2208.165527 0.000000 0.896560 0.000000 -0.442922 0.510224 0.510224 0.510224
2640.971924 0.000000 2252.067627 0.000000 0.916506 0.000000 -0.400020 0.613932 0.613932 0.613932
2638.220459 0.000000 2219.971436 0.000000 0.734859 0.000000 -0.678220 0.628470 0.628470 0.628470
2664.763184 0.000000 2218.012695 0.000000 0.914512 0.000000 -0.404558 0.614412 0.614412 0.614412
2627.505127 0.000000 2246.316895 0.000000 0.894918 0.000000 -0.446231 0.617668 0.617668 0.617668
2662.535645 0.000000 2232.398682 0.000000 0.721574 0.000000 -0.692337 0.448765 0.448765 0.448765
2664.015625 0.000000 2210.519287 0.000000 0.778377 0.000000 -0.627797 0.614307 0.614307 0.614307
2624.163086 0.000000 2237.637207 0.000000 0.884840 0.000000 -0.465895 0.495786 0.495786 0.495786
2686.419189 0.000000 2245.037842 0.000000 0.931412 0.000000 -0.363968 0.534013 0.534013 0.534013
2675.214111 0.000000 2249.147949 0.000000 0.870866 0.000000 -0.491521 0.588387 0.588387 0.588387
2632.908447 0.000000 2248.790527 0.000000 0.983887 0.000000 -0.178792 0.606866 0.606866 0.606866
2677.013428 0.000000 2237.536865 0.000000 0.967476 0.000000 -0.252964 0.609769 0.609769 0.609769
2668.412598 0.000000 2245.164307 0.000000 0.999259 0.000000 -0.038478 0.601470 0.601470 0.601470
2662.686279 0.000000 2203.196289 0.000000 0.800939 0.000000 -0.598747 0.624520 0.624520 0.624520
2642.579102 0.000000 2258.079590 0.000000 0.887419 0.000000 -0.460964 0.616864 0.616864 0.616864
2665.656006 0.000000 2243.000488 0.000000 0.971073 0.000000 -0.238785 0.505372 0.505372 0.505372
2675.634277 0.000000 2245.618408 0.000000 0.982002 0.000000 -0.188873 0.607258 0.607258 0.607258
2651.595215 0.000000 2253.414307 0.000000 0.884205 0.000000 -0.467099 0.618564 0.618564 0.618564
2672.580566 0.000000 2233.331299 0.000000 0.963554 0.000000 -0.267512 0.610344 0.610344 0.610344
2684.832764 0.000000 2235.212402 0.000000 0.934359 0.000000 -0.356332 0.612607 0.612607 0.612607
2649.917236 0.000000 2247.656738 0.000000 0.979732 0.000000 -0.200315 0.607704 0.607704 0.607704
2636.112305 0.000000 2217.797363 0.000000 0.868578 0.000000 -0.495552 0.619804 0.619804 0.619804
2641.664795 0.000000 2209.546631 0.000000 0.999950 0.000000 -0.010031 0.600383 0.600383 0.600383
2631.437256 0.000000 2257.934326 0.000000 0.998587 0.000000 -0.053132 0.602031 0.602031 0.602031
2644.094971 0.000000 2218.291504 0.000000 0.990845 0.000000 -0.135002 0.604909 0.604909 0.604909
2654.608887 0.000000 2208.430176 0.000000 0.996587 0.000000 -0.082548 0.603157 0.603157 0.603157
2638.604980 0.000000 2250.467529 0.000000 0.999094 0.000000 -0.042554 0.601626 0.601626 0.601626
2660.575195 0.000000 2205.279541 0.000000 0.820238 0.000000 -0.572022 0.623261 0.623261 0.623261
2640.186279 0.000000 2222.041992 0.000000 0.970281 0.000000 -0.241982 0.609336 0.609336 0.609336
2644.832764 0.000000 2215.470215 0.000000 0.854486 0.000000 -0.519475 0.585196 0.585196 0.585196
2647.068359 0.000000 2207.401855 0.000000 0.919224 0.000000 -0.393736 0.614337 0.614337 0.614337
2668.128174 0.000000 2230.332031 0.000000 0.958033 0.000000 -0.286657 0.611105 0.611105 0.611105
2657.491699 0.000000 2208.785889 0.000000 0.756964 0.000000 -0.653456 0.627202 0.627202 0.627202
2636.375244 0.000000 2257.558350 0.000000 0.966959 0.000000 -0.254933 0.608804 0.608804 0.608804
2657.411865 0.000000 2217.847656 0.000000 0.935683 0.000000 -0.352842 0.613774 0.613774 0.613774
2643.443848 0.000000 2252.810303 0.000000 0.724713 0.000000 -0.689050 0.554799 0.554799 0.554799
2641.436523 0.000000 2226.759766 0.000000 0.980456 0.000000 -0.196736 0.607564 0.607564 0.607564
2662.646240 0.000000 2235.047852 0.000000 0.913181 0.000000 -0.407555 0.616034 0.616034 0.616034
2644.435791 0.000000 2245.162598 0.000000 0.822971 0.000000 -0.568084 0.623078 0.623078 0.623078
2651.698975 0.000000 2249.389893 0.000000 0.865656 0.000000 -0.500639 0.620028 0.620028 0.620028
2642.128174 0.000000 2223.652344 0.000000 0.810687 0.000000 -0.585480 0.623891 0.623891 0.623891
2639.869873 0.000000 2239.713379 0.000000 0.755681 0.000000 -0.654940 0.627277 0.627277 0.627277
2643.894287 0.000000 2210.662354 0.000000 0.822078 0.000000 -0.569375 0.620416 0.620416 0.620416
2648.077637 0.000000 2212.287109 0.000000 0.993151 0.000000 -0.116834 0.604473 0.604473 0.604473
2680.742188 0.000000 2232.784424 0.000000 0.995818 0.000000 -0.091360 0.603268 0.603268 0.603268
2709.208252 0.000000 2186.285400 0.000000 0.802011 0.000000 -0.597309 0.622965 0.622965 0.622965
2726.346680 0.000000 2200.663818 0.000000 0.953293 0.000000 -0.302046 0.494743 0.494743 0.494743
2715.595215 0.000000 2196.929932 0.000000 0.725249 0.000000 -0.688487 0.629007 0.629007 0.629007
2729.065186 0.000000 2198.111816 0.000000 0.907253 0.000000 -0.420586 0.616581 0.616581 0.616581
2733.386719 0.000000 2201.113281 0.000000 0.925466 0.000000 -0.378830 0.614841 0.614841 0.614841
2723.689941 0.000000 2198.007812 0.000000 0.999349 0.000000 -0.036070 0.540156 0.540156 0.540156
2715.698975 0.000000 2192.905518 0.000000 0.998752 0.000000 -0.049936 0.601908 0.601908 0.601908
2719.328613 0.000000 2196.728027 0.000000 0.980749 0.000000 -0.195273 0.607507 0.607507 0.607507
2719.453613 0.000000 2219.620850 0.000000 0.737197 0.000000 -0.675678 0.527712 0.527712 0.527712
2729.563477 0.000000 2229.381592 0.000000 0.902368 0.000000 -0.430967 0.617019 0.617019 0.617019
2725.432373 0.000000 2213.917725 0.000000 0.819199 0.000000 -0.573510 0.623330 0.623330 0.623330
2736.541992 0.000000 2225.475830 0.000000 0.724313 0.000000 -0.689472 0.621156 0.621156 0.621156
2726.893555 0.000000 2222.337891 0.000000 0.851046 0.000000 -0.525091 0.621116 0.621116 0.621116
2729.260742 0.000000 2247.112793 0.000000 0.998243 0.000000 -0.059253 0.602265 0.602265 0.602265
2714.073975 0.000000 2233.406982 0.000000 0.832633 0.000000 -0.553825 0.622420 0.622420 0.622420
2733.943604 0.000000 2205.245605 0.000000 0.877405 0.000000 -0.479750 0.619113 0.619113 0.619113
2732.083252 0.000000 2222.951660 0.000000 0.792499 0.000000 -0.609874 0.625054 0.625054 0.625054
2714.364746 0.000000 2228.451904 0.000000 0.994702 0.000000 -0.102797 0.603934 0.603934 0.603934
2706.817383 0.000000 2233.334473 0.000000 0.866814 0.000000 -0.498632 0.619940 0.619940 0.619940
2692.763672 0.000000 2239.082764 0.000000 0.790394 0.000000 -0.612599 0.625185 0.625185 0.625185
2726.889160 0.000000 2226.330322 0.000000 0.979917 0.000000 -0.199406 0.607668 0.607668 0.607668
2705.939453 0.000000 2244.686279 0.000000 0.963639 0.000000 -0.267208 0.504687 0.504687 0.504687
2711.293701 0.000000 2226.455322 0.000000 0.966874 0.000000 -0.255253 0.609472 0.609472 0.609472
2717.530273 0.000000 2230.183105 0.000000 0.730336 0.000000 -0.683088 0.628724 0.628724 0.628724
2728.974609 0.000000 2214.412109 0.000000 0.983895 0.000000 -0.178750 0.547889 0.547889 0.547889
2717.392090 0.000000 2247.563965 0.000000 0.922820 0.000000 -0.385232 0.540009 0.540009 0.540009
2688.009766 0.000000 2245.083252 0.000000 0.899684 0.000000 -0.436542 0.538694 0.538694 0.538694
2717.020508 0.000000 2215.720947 0.000000 0.975577 0.000000 -0.219659 0.608459 0.608459 0.608459
2736.918701 0.000000 2217.876709 0.000000 0.972093 0.000000 -0.234596 0.608726 0.608726 0.608726
2688.894775 0.000000 2233.190674 0.000000 0.922849 0.000000 -0.385162 0.506100 0.506100 0.506100
2723.104248 0.000000 2211.432617 0.000000 0.818604 0.000000 -0.574359 0.623370 0.623370 0.623370
2694.724365 0.000000 2236.398193 0.000000 0.875630 0.000000 -0.482983 0.619254 0.619254 0.619254
2722.857422 0.000000 2232.019531 0.000000 0.984362 0.000000 -0.176156 0.606021 0.606021 0.606021
2712.572266 0.000000 2242.354980 0.000000 0.994749 0.000000 -0.102344 0.603916 0.603916 0.603916
2729.967773 0.000000 2232.708496 0.000000 0.855255 0.000000 -0.518208 0.620808 0.620808 0.620808
2739.016113 0.000000 2223.741699 0.000000 0.999669 0.000000 -0.025712 0.600982 0.600982 0.600982
2724.759766 0.000000 2224.266846 0.000000 0.849403 0.000000 -0.527744 0.621235 0.621235 0.621235
2718.608887 0.000000 2208.430176 0.000000 0.894403 0.000000 -0.447262 0.617712 0.617712 0.617712
2723.200439 0.000000 2215.687500 0.000000 0.891482 0.000000 -0.453056 0.617960 0.617960 0.617960
2717.958740 0.000000 2213.091064 0.000000 0.813072 0.000000 -0.582163 0.623735 0.623735 0.623735
2732.352051 0.000000 2220.151611 0.000000 0.943473 0.000000 -0.331450 0.612905 0.612905 0.612905
2727.299805 0.000000 2249.270020 0.000000 0.833377 0.000000 -0.552705 0.622369 0.622369 0.622369
2727.591309 0.000000 2244.726562 0.000000 0.904691 0.000000 -0.426069 0.497570 0.497570 0.497570
2721.910400 0.000000 2245.213379 0.000000 0.719969 0.000000 -0.694006 0.629299 0.629299 0.629299
2726.646240 0.000000 2235.047852 0.000000 0.999960 0.000000 -0.008993 0.600344 0.600344 0.600344
2741.427979 0.000000 2220.731934 0.000000 0.875885 0.000000 -0.482521 0.534498 0.534498 0.534498
2729.128906 0.000000 2223.756348 0.000000 0.714032 0.000000 -0.700113 0.629334 0.629334 0.629334
2690.310791 0.000000 2239.501709 0.000000 0.750058 0.000000 -0.661372 0.627603 0.627603 0.627603
2703.869873 0.000000 2239.713379 0.000000 0.888698 0.000000 -0.458493 0.618193 0.618193 0.618193
2711.340088 0.000000 2235.298096 0.000000 0.993316 0.000000 -0.115428 0.604419 0.604419 0.604419
2544.205322 0.000000 2372.318115 0.000000 0.848572 0.000000 -0.529081 0.621296 0.621296 0.621296
2547.456055 0.000000 2366.147705 0.000000 0.750048 0.000000 -0.661383 0.627604 0.627604 0.627604
2554.807129 0.000000 2378.998291 0.000000 0.936292 0.000000 -0.351222 0.613708 0.613708 0.613708
2559.487305 0.000000 2402.571533 0.000000 0.987296 0.000000 -0.158891 0.606095 0.606095 0.606095
2534.893555 0.000000 2391.791016 0.000000 0.926894 0.000000 -0.375324 0.614322 0.614322 0.614322
2540.063232 0.000000 2381.332764 0.000000 0.956861 0.000000 -0.290545 0.611260 0.611260 0.611260
2546.789307 0.000000 2384.431152 0.000000 0.787580 0.000000 -0.616213 0.625360 0.625360 0.625360
2541.943604 0.000000 2374.698730 0.000000 0.994518 0.000000 -0.104564 0.603774 0.603774 0.603774
2532.045898 0.000000 2377.618652 0.000000 0.775114 0.000000 -0.631821 0.443275 0.443275 0.443275
2551.531250 0.000000 2382.947510 0.000000 0.876540 0.000000 -0.481330 0.617263 0.617263 0.617263
2534.889160 0.000000 2395.783447 0.000000 0.999347 0.000000 -0.036145 0.601210 0.601210 0.601210
2543.145508 0.000000 2390.491699 0.000000 0.910864 0.000000 -0.412707 0.616250 0.616250 0.616250
2554.028564 0.000000 2385.442383 0.000000 0.864930 0.000000 -0.501893 0.620084 0.620084 0.620084
2547.759033 0.000000 2403.708496 0.000000 0.866225 0.000000 -0.499654 0.618731 0.618731 0.618731
2548.463867 0.000000 2387.425537 0.000000 0.995757 0.000000 -0.092027 0.603520 0.603520 0.603520
2554.462158 0.000000 2389.413818 0.000000 0.959738 0.000000 -0.280896 0.610876 0.610876 0.610876
2557.032959 0.000000 2394.531738 0.000000 0.898484 0.000000 -0.439006 0.617360 0.617360 0.617360
2554.504395 0.000000 2396.102539 0.000000 0.848939 0.000000 -0.528491 0.621269 0.621269 0.621269
2554.637451 0.000000 2399.277344 0.000000 0.748026 0.000000 -0.663669 0.627720 0.627720 0.627720
2549.566895 0.000000 2384.805908 0.000000 0.997038 0.000000 -0.076912 0.602941 0.602941 0.602941
2553.460693 0.000000 2372.447021 0.000000 0.974548 0.000000 -0.224180 0.608636 0.608636 0.608636
2541.942871 0.000000 2394.284668 0.000000 0.904411 0.000000 -0.426662 0.616837 0.616837 0.616837
2539.690186 0.000000 2375.907715 0.000000 0.737678 0.000000 -0.675153 0.628311 0.628311 0.628311
2533.463867 0.000000 2379.949219 0.000000 0.982124 0.000000 -0.188233 0.573465 0.573465 0.573465
2559.510010 0.000000 2409.562256 0.000000 0.998907 0.000000 -0.046745 0.601786 0.601786 0.601786
2539.095459 0.000000 2386.662354 0.000000 0.846769 0.000000 -0.531961 0.621257 0.621257 0.621257
2559.814697 0.000000 2390.788330 0.000000 0.925369 0.000000 -0.379067 0.613453 0.613453 0.613453
2578.127686 0.000000 2272.651123 0.000000 0.792535 0.000000 -0.609827 0.622350 0.622350 0.622350
2597.432373 0.000000 2270.402100 0.000000 0.748479 0.000000 -0.663158 0.627694 0.627694 0.627694
2621.512207 0.000000 2259.401123 0.000000 0.724240 0.000000 -0.689548 0.629063 0.629063 0.629063
2574.873047 0.000000 2267.422119 0.000000 0.999669 0.000000 -0.025720 0.600983 0.600983 0.600983
2605.943604 0.000000 2261.729980 0.000000 0.921081 0.000000 -0.389372 0.615277 0.615277 0.615277
2578.283447 0.000000 2260.507812 0.000000 0.977161 0.000000 -0.212500 0.608179 0.608179 0.608179
2585.237549 0.000000 2265.533936 0.000000 0.713777 0.000000 -0.700373 0.629289 0.629289 0.629289
2618.385010 0.000000 2261.967041 0.000000 0.897060 0.000000 -0.441909 0.617484 0.617484 0.617484
2592.617920 0.000000 2262.740723 0.000000 0.745390 0.000000 -0.666628 0.627872 0.627872 0.627872
2606.042969 0.000000 2265.229736 0.000000 0.930866 0.000000 -0.365362 0.614287 0.614287 0.614287
2575.197021 0.000000 2271.007812 0.000000 0.998153 0.000000 -0.060748 0.602322 0.602322 0.602322
2571.487061 0.000000 2267.934570 0.000000 0.917739 0.000000 -0.397183 0.615601 0.615601 0.615601
2576.939697 0.000000 2275.303711 0.000000 0.760683 0.000000 -0.649124 0.626984 0.626984 0.626984
2598.337891 0.000000 2273.111084 0.000000 0.989716 0.000000 -0.143046 0.578772 0.578772 0.578772
2585.706787 0.000000 2273.014404 0.000000 0.912032 0.000000 -0.410120 0.614211 0.614211 0.614211
2580.832764 0.000000 2271.954590 0.000000 0.867041 0.000000 -0.498237 0.619922 0.619922 0.619922
2575.671387 0.000000 2260.904053 0.000000 0.742732 0.000000 -0.669588 0.628024 0.628024 0.628024
2583.407959 0.000000 2271.213135 0.000000 0.881325 0.000000 -0.472511 0.618798 0.618798 0.618798
2593.491699 0.000000 2265.270264 0.000000 0.998828 0.000000 -0.048403 0.601850 0.601850 0.601850
2593.411865 0.000000 2274.332031 0.000000 0.756276 0.000000 -0.654253 0.597091 0.597091 0.597091
2603.690186 0.000000 2262.938965 0.000000 0.858566 0.000000 -0.512702 0.620563 0.620563 0.620563
2580.804932 0.000000 2259.442627 0.000000 0.845811 0.000000 -0.533482 0.621494 0.621494 0.621494
2584.535645 0.000000 2275.729980 0.000000 0.780500 0.000000 -0.625155 0.625796 0.625796 0.625796
2579.894287 0.000000 2267.146729 0.000000 0.995174 0.000000 -0.098127 0.603754 0.603754 0.603754
2587.677979 0.000000 2264.389160 0.000000 0.934756 0.000000 -0.355291 0.613874 0.613874 0.613874
2636.978516 0.000000 2260.111084 0.000000 0.830126 0.000000 -0.557576 0.593460 0.593460 0.593460
2631.914795 0.000000 2261.211914 0.000000 0.805871 0.000000 -0.592091 0.624204 0.624204 0.624204
2628.948486 0.000000 2259.489990 0.000000 0.932544 0.000000 -0.361057 0.614110 0.614110 0.614110
2624.090088 0.000000 2262.670654 0.000000 0.939746 0.000000 -0.341875 0.533431 0.533431 0.533431
2639.671387 0.000000 2260.904053 0.000000 0.733236 0.000000 -0.679974 0.536248 0.536248 0.536248
2633.795410 0.000000 2259.399414 0.000000 0.989508 0.000000 -0.144476 0.605538 0.605538 0.605538
2644.804932 0.000000 2259.442627 0.000000 0.995880 0.000000 -0.090679 0.541581 0.541581 0.541581
2561.319092 0.000000 2411.232178 0.000000 0.998541 0.000000 -0.053991 0.601958 0.601958 0.601958
2569.203857 0.000000 2408.044434 0.000000 0.810213 0.000000 -0.586135 0.623922 0.623922 0.623922
2560.163086 0.000000 2407.090332 0.000000 0.909589 0.000000 -0.415510 0.616015 0.616015 0.616015
2560.894775 0.000000 2402.643799 0.000000 0.986715 0.000000 -0.162463 0.606038 0.606038 0.606038
2566.056885 0.000000 2417.281494 0.000000 0.997580 0.000000 -0.069521 0.602621 0.602621 0.602621
2564.384766 0.000000 2423.116455 0.000000 0.989651 0.000000 -0.143497 0.552250 0.552250 0.552250
2562.310791 0.000000 2408.954834 0.000000 0.843954 0.000000 -0.536416 0.584392 0.584392 0.584392
5677.386719 0.000000 2709.472656 0.000000 0.759593 0.000000 -0.650399 0.453343 0.453343 0.453343
5651.443848 0.000000 2704.685303 0.000000 0.995501 0.000000 -0.094756 0.603596 0.603596 0.603596
5703.671387 0.000000 2679.622070 0.000000 0.899705 0.000000 -0.436499 0.405909 0.405909 0.405909
5721.916992 0.000000 2699.531738 0.000000 0.857421 0.000000 -0.514616 0.620648 0.620648 0.620648
5683.016113 0.000000 2732.101074 0.000000 0.889111 0.000000 -0.457691 0.596867 0.596867 0.596867
5690.504395 0.000000 2735.008789 0.000000 0.805766 0.000000 -0.592234 0.624210 0.624210 0.624210
5662.961914 0.000000 2712.211426 0.000000 0.893711 0.000000 -0.448643 0.481770 0.481770 0.481770
5644.083496 0.000000 2756.763916 0.000000 0.989810 0.000000 -0.142393 0.513781 0.513781 0.513781
5693.738281 0.000000 2739.499268 0.000000 0.997760 0.000000 -0.066903 0.492286 0.492286 0.492286
5651.443848 0.000000 2761.169678 0.000000 0.837022 0.000000 -0.547170 0.619210 0.619210 0.619210
5710.401855 0.000000 2752.945801 0.000000 0.817422 0.000000 -0.576039 0.623448 0.623448 0.623448
5679.339355 0.000000 2767.980469 0.000000 0.959641 0.000000 -0.281226 0.609736 0.609736 0.609736
"}
object={
	name="pine_dense_generator_1_4"
	clamp_to_water_level=no
	render_under_water=no
	generated_content=yes
	layer="semidynamic"
	pdxmesh="tree_fir_005_mesh"
	count=224
	transform="2671.722412 0.000000 2190.725830 0.000000 0.347732 0.000000 -0.937594 0.646434 0.646434 0.646434
2654.236816 0.000000 2198.936035 0.000000 0.079001 0.000000 -0.996875 0.651617 0.651617 0.651617
2658.932617 0.000000 2200.483154 0.000000 0.038943 0.000000 -0.999241 0.650711 0.650711 0.650711
2668.412598 0.000000 2188.679932 0.000000 0.681453 0.000000 -0.731862 0.631362 0.631362 0.631362
2668.376709 0.000000 2192.673828 0.000000 0.473748 0.000000 -0.880660 0.641067 0.641067 0.641067
2679.060791 0.000000 2188.005859 0.000000 0.596521 0.000000 -0.802598 0.543511 0.543511 0.543511
2675.634277 0.000000 2189.134033 0.000000 0.127569 0.000000 -0.991830 0.655114 0.655114 0.655114
2665.065186 0.000000 2198.111816 0.000000 0.378209 0.000000 -0.925720 0.638806 0.638806 0.638806
2682.631836 0.000000 2181.542725 0.000000 0.237077 0.000000 -0.971491 0.639477 0.639477 0.639477
2683.001221 0.000000 2184.207275 0.000000 0.648776 0.000000 -0.760979 0.605899 0.605899 0.605899
2677.633789 0.000000 2183.463379 0.000000 0.670136 0.000000 -0.742238 0.555340 0.555340 0.555340
2618.544434 0.000000 2243.313721 0.000000 0.467284 0.000000 -0.884107 0.641428 0.641428 0.641428
2611.456055 0.000000 2253.178955 0.000000 0.630370 0.000000 -0.776295 0.632750 0.632750 0.632750
2615.107910 0.000000 2248.092041 0.000000 0.125027 0.000000 -0.992153 0.655212 0.655212 0.655212
2569.640869 0.000000 2256.078369 0.000000 0.174810 0.000000 -0.984602 0.485562 0.485562 0.485562
2602.009521 0.000000 2257.827393 0.000000 0.532842 0.000000 -0.846214 0.638535 0.638535 0.638535
2614.864258 0.000000 2257.889160 0.000000 0.606487 0.000000 -0.795093 0.632218 0.632218 0.632218
2590.060547 0.000000 2251.045410 0.000000 0.506014 0.000000 -0.862526 0.546145 0.546145 0.546145
2622.419189 0.000000 2245.037842 0.000000 0.477694 0.000000 -0.878526 0.640977 0.640977 0.640977
2590.953613 0.000000 2259.143066 0.000000 0.383120 0.000000 -0.923699 0.644982 0.644982 0.644982
2621.508057 0.000000 2252.667480 0.000000 0.497236 0.000000 -0.867616 0.640122 0.640122 0.640122
2604.412598 0.000000 2245.164307 0.000000 0.446679 0.000000 -0.894694 0.474474 0.474474 0.474474
2604.376709 0.000000 2249.158203 0.000000 0.111900 0.000000 -0.993719 0.655717 0.655717 0.655717
2611.634277 0.000000 2245.618408 0.000000 0.164317 0.000000 -0.986408 0.581799 0.581799 0.581799
2621.612061 0.000000 2241.650391 0.000000 0.212642 0.000000 -0.977130 0.645211 0.645211 0.645211
2574.604980 0.000000 2250.467529 0.000000 0.678362 0.000000 -0.734728 0.617522 0.617522 0.617522
2617.384521 0.000000 2259.142334 0.000000 0.220035 0.000000 -0.975492 0.590695 0.590695 0.590695
2595.689941 0.000000 2254.492188 0.000000 0.603229 0.000000 -0.797568 0.591878 0.591878 0.591878
2603.601562 0.000000 2255.790771 0.000000 0.629117 0.000000 -0.777311 0.634010 0.634010 0.634010
2587.698975 0.000000 2249.389893 0.000000 0.294341 0.000000 -0.955700 0.648588 0.648588 0.648588
2622.390625 0.000000 2258.651123 0.000000 0.284013 0.000000 -0.958820 0.649000 0.649000 0.649000
2682.544434 0.000000 2243.313721 0.000000 0.696800 0.000000 -0.717265 0.630553 0.630553 0.630553
2665.563477 0.000000 2229.381592 0.000000 0.179425 0.000000 -0.983772 0.652276 0.652276 0.652276
2635.959473 0.000000 2251.381592 0.000000 0.023951 0.000000 -0.999713 0.659085 0.659085 0.659085
2687.487305 0.000000 2233.118408 0.000000 0.531706 0.000000 -0.846929 0.635333 0.635333 0.635333
2639.273193 0.000000 2224.809082 0.000000 0.685627 0.000000 -0.727953 0.618633 0.618633 0.618633
2665.260742 0.000000 2247.112793 0.000000 0.574924 0.000000 -0.818206 0.636604 0.636604 0.636604
2649.621582 0.000000 2250.765381 0.000000 0.309647 0.000000 -0.950852 0.647975 0.647975 0.647975
2655.825928 0.000000 2211.012939 0.000000 0.244330 0.000000 -0.969692 0.650572 0.650572 0.650572
2646.937256 0.000000 2217.317871 0.000000 0.429741 0.000000 -0.902952 0.643033 0.643033 0.643033
2649.505615 0.000000 2256.662354 0.000000 0.601794 0.000000 -0.798652 0.606284 0.606284 0.606284
2659.991211 0.000000 2218.617188 0.000000 0.500771 0.000000 -0.865580 0.639966 0.639966 0.639966
2643.771729 0.000000 2225.516113 0.000000 0.066286 0.000000 -0.997801 0.657466 0.657466 0.657466
2625.884521 0.000000 2253.943115 0.000000 0.382783 0.000000 -0.923838 0.644996 0.644996 0.644996
2657.947754 0.000000 2252.364258 0.000000 0.606033 0.000000 -0.795440 0.630447 0.630447 0.630447
2680.315674 0.000000 2239.899658 0.000000 0.291781 0.000000 -0.956485 0.648690 0.648690 0.648690
2624.156738 0.000000 2257.790771 0.000000 0.143637 0.000000 -0.989630 0.654494 0.654494 0.654494
2671.868652 0.000000 2251.301514 0.000000 0.016316 0.000000 -0.999867 0.488543 0.488543 0.488543
2665.322754 0.000000 2251.166260 0.000000 0.595663 0.000000 -0.803234 0.630946 0.630946 0.630946
2656.617920 0.000000 2206.256348 0.000000 0.428395 0.000000 -0.903591 0.643090 0.643090 0.643090
2645.503174 0.000000 2251.209717 0.000000 0.661863 0.000000 -0.749625 0.632372 0.632372 0.632372
2641.939453 0.000000 2244.686279 0.000000 0.610471 0.000000 -0.792039 0.632111 0.632111 0.632111
2668.376709 0.000000 2249.158203 0.000000 0.360617 0.000000 -0.932714 0.645908 0.645908 0.645908
2675.863525 0.000000 2227.263428 0.000000 0.215212 0.000000 -0.976567 0.651715 0.651715 0.651715
2628.957520 0.000000 2242.737793 0.000000 0.474741 0.000000 -0.880125 0.640944 0.640944 0.640944
2664.974609 0.000000 2214.412109 0.000000 0.567168 0.000000 -0.823602 0.570160 0.570160 0.570160
2665.204590 0.000000 2239.451904 0.000000 0.588385 0.000000 -0.808581 0.635972 0.635972 0.635972
2642.190674 0.000000 2212.412842 0.000000 0.694116 0.000000 -0.719863 0.630695 0.630695 0.630695
2671.917480 0.000000 2239.672607 0.000000 0.677716 0.000000 -0.735323 0.631556 0.631556 0.631556
2685.612061 0.000000 2241.650391 0.000000 0.337463 0.000000 -0.941339 0.646852 0.646852 0.646852
2675.759033 0.000000 2234.255371 0.000000 0.369495 0.000000 -0.929233 0.645544 0.645544 0.645544
2659.666992 0.000000 2239.376953 0.000000 0.299998 0.000000 -0.953940 0.647888 0.647888 0.647888
2647.836426 0.000000 2253.503418 0.000000 0.230858 0.000000 -0.972988 0.651102 0.651102 0.651102
2648.572266 0.000000 2242.354980 0.000000 0.329175 0.000000 -0.944269 0.647188 0.647188 0.647188
2671.537109 0.000000 2230.019043 0.000000 0.328608 0.000000 -0.944466 0.542123 0.542123 0.542123
2649.661133 0.000000 2205.956787 0.000000 0.411096 0.000000 -0.911592 0.643818 0.643818 0.643818
2633.278076 0.000000 2252.974121 0.000000 0.521922 0.000000 -0.852993 0.639026 0.639026 0.639026
2627.510986 0.000000 2249.818604 0.000000 0.133726 0.000000 -0.991018 0.654877 0.654877 0.654877
2665.677002 0.000000 2220.957520 0.000000 0.195960 0.000000 -0.980612 0.646397 0.646397 0.646397
2641.722656 0.000000 2255.067871 0.000000 0.703543 0.000000 -0.710653 0.625752 0.625752 0.625752
2634.072266 0.000000 2259.062744 0.000000 0.552193 0.000000 -0.833716 0.637655 0.637655 0.637655
2630.056885 0.000000 2247.828369 0.000000 0.011778 0.000000 -0.999931 0.659550 0.659550 0.659550
2682.631836 0.000000 2238.027100 0.000000 0.127033 0.000000 -0.991898 0.655135 0.655135 0.655135
2641.360840 0.000000 2249.051025 0.000000 0.460634 0.000000 -0.887590 0.641715 0.641715 0.641715
2654.961914 0.000000 2203.852051 0.000000 0.096326 0.000000 -0.995350 0.656315 0.656315 0.656315
2640.939697 0.000000 2218.819336 0.000000 0.003103 0.000000 -0.999995 0.659882 0.659882 0.659882
2662.337891 0.000000 2216.626709 0.000000 0.700909 0.000000 -0.713251 0.630333 0.630333 0.630333
2677.519043 0.000000 2229.516113 0.000000 0.602758 0.000000 -0.797924 0.635288 0.635288 0.635288
2660.029297 0.000000 2221.443359 0.000000 0.339777 0.000000 -0.940506 0.574037 0.574037 0.574037
2668.352051 0.000000 2220.151611 0.000000 0.454388 0.000000 -0.890804 0.641983 0.641983 0.641983
2649.283936 0.000000 2224.508301 0.000000 0.360608 0.000000 -0.932717 0.645908 0.645908 0.645908
2645.235596 0.000000 2222.751709 0.000000 0.300294 0.000000 -0.953847 0.643136 0.643136 0.643136
2683.001221 0.000000 2240.691650 0.000000 0.192403 0.000000 -0.981316 0.652605 0.652605 0.652605
2657.910400 0.000000 2245.213379 0.000000 0.005966 0.000000 -0.999982 0.657663 0.657663 0.657663
2638.650879 0.000000 2253.231445 0.000000 0.624882 0.000000 -0.780719 0.634218 0.634218 0.634218
2668.051758 0.000000 2234.984863 0.000000 0.009441 0.000000 -0.999955 0.651220 0.651220 0.651220
2646.077637 0.000000 2220.065186 0.000000 0.642468 0.000000 -0.766312 0.633349 0.633349 0.633349
2638.686768 0.000000 2217.482178 0.000000 0.539926 0.000000 -0.841713 0.638214 0.638214 0.638214
2656.544434 0.000000 2250.222168 0.000000 0.521170 0.000000 -0.853453 0.639059 0.639059 0.639059
2632.173828 0.000000 2225.156982 0.000000 0.633073 0.000000 -0.774092 0.633815 0.633815 0.633815
2661.463867 0.000000 2210.496094 0.000000 0.330306 0.000000 -0.943874 0.643722 0.643722 0.643722
2628.384766 0.000000 2253.663330 0.000000 0.508903 0.000000 -0.860824 0.639606 0.639606 0.639606
2626.575684 0.000000 2244.017578 0.000000 0.113565 0.000000 -0.993531 0.651506 0.651506 0.651506
2638.389404 0.000000 2236.275391 0.000000 0.414878 0.000000 -0.909877 0.623127 0.623127 0.623127
2652.928223 0.000000 2220.770752 0.000000 0.630469 0.000000 -0.776215 0.633944 0.633944 0.633944
2647.340088 0.000000 2235.298096 0.000000 0.227550 0.000000 -0.973766 0.632290 0.632290 0.632290
2655.328613 0.000000 2253.212402 0.000000 0.234762 0.000000 -0.972053 0.650948 0.650948 0.650948
2647.935547 0.000000 2239.945801 0.000000 0.550316 0.000000 -0.834956 0.637741 0.637741 0.637741
2625.118652 0.000000 2247.620850 0.000000 0.151020 0.000000 -0.988531 0.647407 0.647407 0.647407
2638.401855 0.000000 2244.586426 0.000000 0.387179 0.000000 -0.922004 0.644814 0.644814 0.644814
2714.979736 0.000000 2188.239014 0.000000 0.140497 0.000000 -0.990081 0.418562 0.418562 0.418562
2697.203857 0.000000 2182.106934 0.000000 0.227849 0.000000 -0.973696 0.590475 0.590475 0.590475
2713.621582 0.000000 2194.281006 0.000000 0.464164 0.000000 -0.885749 0.636836 0.636836 0.636836
2705.256836 0.000000 2181.121094 0.000000 0.275564 0.000000 -0.961283 0.552242 0.552242 0.552242
2718.060547 0.000000 2194.561035 0.000000 0.114313 0.000000 -0.993445 0.655624 0.655624 0.655624
2688.163086 0.000000 2181.152832 0.000000 0.560543 0.000000 -0.828125 0.637271 0.637271 0.637271
2729.322754 0.000000 2194.681885 0.000000 0.591384 0.000000 -0.806390 0.513803 0.513803 0.513803
2718.953613 0.000000 2202.658691 0.000000 0.678407 0.000000 -0.734686 0.627627 0.627627 0.627627
2705.939453 0.000000 2188.201904 0.000000 0.526305 0.000000 -0.850296 0.478484 0.478484 0.478484
2699.406250 0.000000 2179.477051 0.000000 0.002191 0.000000 -0.999998 0.653337 0.653337 0.653337
2721.062500 0.000000 2198.480225 0.000000 0.283404 0.000000 -0.959001 0.552044 0.552044 0.552044
2720.544434 0.000000 2193.737793 0.000000 0.668153 0.000000 -0.744024 0.627274 0.627274 0.627274
2690.310791 0.000000 2183.017334 0.000000 0.590161 0.000000 -0.807286 0.570842 0.570842 0.570842
2703.130859 0.000000 2242.262451 0.000000 0.247542 0.000000 -0.968877 0.650445 0.650445 0.650445
2737.272949 0.000000 2236.515625 0.000000 0.521047 0.000000 -0.853528 0.429095 0.429095 0.429095
2737.519043 0.000000 2209.220215 0.000000 0.368117 0.000000 -0.929779 0.645600 0.645600 0.645600
2702.007324 0.000000 2233.780762 0.000000 0.316670 0.000000 -0.948536 0.647692 0.647692 0.647692
2732.063232 0.000000 2211.879639 0.000000 0.592699 0.000000 -0.805424 0.635768 0.635768 0.635768
2738.842529 0.000000 2220.760498 0.000000 0.347609 0.000000 -0.937640 0.646439 0.646439 0.646439
2724.045898 0.000000 2208.165527 0.000000 0.134650 0.000000 -0.990893 0.654841 0.654841 0.654841
2723.991211 0.000000 2218.617188 0.000000 0.094485 0.000000 -0.995526 0.656386 0.656386 0.656386
2738.318359 0.000000 2203.096436 0.000000 0.144090 0.000000 -0.989565 0.649457 0.649457 0.649457
2720.426758 0.000000 2215.328369 0.000000 0.683551 0.000000 -0.729903 0.631252 0.631252 0.631252
2726.535645 0.000000 2232.398682 0.000000 0.113481 0.000000 -0.993540 0.655656 0.655656 0.655656
2688.163086 0.000000 2237.637207 0.000000 0.546982 0.000000 -0.837144 0.637893 0.637893 0.637893
2719.334473 0.000000 2243.875977 0.000000 0.655535 0.000000 -0.755164 0.575713 0.575713 0.575713
2733.311035 0.000000 2237.240479 0.000000 0.701319 0.000000 -0.712847 0.630311 0.630311 0.630311
2699.941895 0.000000 2244.694580 0.000000 0.655540 0.000000 -0.755161 0.469876 0.469876 0.469876
2729.322754 0.000000 2251.166260 0.000000 0.480622 0.000000 -0.876928 0.603350 0.603350 0.603350
2739.863525 0.000000 2227.263428 0.000000 0.148274 0.000000 -0.988946 0.654315 0.654315 0.654315
2735.663086 0.000000 2212.902588 0.000000 0.656484 0.000000 -0.754340 0.631813 0.631813 0.631813
2714.987305 0.000000 2202.979492 0.000000 0.053133 0.000000 -0.998587 0.551735 0.551735 0.551735
2730.835938 0.000000 2208.896973 0.000000 0.313405 0.000000 -0.949620 0.647824 0.647824 0.647824
2729.677002 0.000000 2220.957520 0.000000 0.550959 0.000000 -0.834532 0.634754 0.634754 0.634754
2717.423096 0.000000 2241.442383 0.000000 0.319064 0.000000 -0.947733 0.640970 0.640970 0.640970
2736.746582 0.000000 2206.128174 0.000000 0.535403 0.000000 -0.844597 0.638419 0.638419 0.638419
2721.448975 0.000000 2226.187500 0.000000 0.138998 0.000000 -0.990293 0.639657 0.639657 0.639657
2724.029297 0.000000 2221.443359 0.000000 0.515382 0.000000 -0.856961 0.639318 0.639318 0.639318
2713.283936 0.000000 2224.508301 0.000000 0.185652 0.000000 -0.982616 0.652867 0.652867 0.652867
2735.447998 0.000000 2215.576416 0.000000 0.046545 0.000000 -0.998916 0.656052 0.656052 0.656052
2690.822754 0.000000 2236.858643 0.000000 0.434368 0.000000 -0.900736 0.642837 0.642837 0.642837
2721.491699 0.000000 2208.785889 0.000000 0.190083 0.000000 -0.981768 0.652695 0.652695 0.652695
2721.411865 0.000000 2217.847656 0.000000 0.615658 0.000000 -0.788013 0.632288 0.632288 0.632288
2737.394043 0.000000 2228.220459 0.000000 0.026869 0.000000 -0.999639 0.658974 0.658974 0.658974
2731.690186 0.000000 2206.454590 0.000000 0.204249 0.000000 -0.978919 0.652143 0.652143 0.652143
2702.389404 0.000000 2236.275391 0.000000 0.338866 0.000000 -0.940835 0.646795 0.646795 0.646795
2734.693848 0.000000 2234.949219 0.000000 0.605336 0.000000 -0.795970 0.635165 0.635165 0.635165
2735.339111 0.000000 2203.136719 0.000000 0.373039 0.000000 -0.927816 0.645398 0.645398 0.645398
2731.095459 0.000000 2217.209229 0.000000 0.208272 0.000000 -0.978071 0.651986 0.651986 0.651986
2711.935547 0.000000 2239.945801 0.000000 0.633747 0.000000 -0.773540 0.633782 0.633782 0.633782
2555.981689 0.000000 2371.078613 0.000000 0.015233 0.000000 -0.999884 0.454676 0.454676 0.454676
2541.386719 0.000000 2370.566406 0.000000 0.568415 0.000000 -0.822742 0.636907 0.636907 0.636907
2552.065674 0.000000 2397.706299 0.000000 0.579028 0.000000 -0.815307 0.636412 0.636412 0.636412
2545.519043 0.000000 2378.673340 0.000000 0.427610 0.000000 -0.903963 0.643123 0.643123 0.643123
2546.585205 0.000000 2400.238037 0.000000 0.317681 0.000000 -0.948198 0.647651 0.647651 0.647651
2534.535645 0.000000 2401.851807 0.000000 0.515190 0.000000 -0.857076 0.470208 0.470208 0.470208
2555.211426 0.000000 2401.961914 0.000000 0.495789 0.000000 -0.868443 0.636167 0.636167 0.636167
2543.663086 0.000000 2382.355713 0.000000 0.681020 0.000000 -0.732265 0.631384 0.631384 0.631384
2542.042969 0.000000 2378.198486 0.000000 0.637710 0.000000 -0.770276 0.633586 0.633586 0.633586
2548.003906 0.000000 2375.671387 0.000000 0.323631 0.000000 -0.946184 0.647412 0.647412 0.647412
2557.612061 0.000000 2411.103516 0.000000 0.431050 0.000000 -0.902328 0.621105 0.621105 0.621105
2544.580566 0.000000 2402.784424 0.000000 0.098266 0.000000 -0.995160 0.540237 0.540237 0.540237
2540.194824 0.000000 2384.421143 0.000000 0.191313 0.000000 -0.981529 0.652647 0.652647 0.652647
2534.337891 0.000000 2386.079834 0.000000 0.094722 0.000000 -0.995504 0.655713 0.655713 0.655713
2549.519043 0.000000 2398.969238 0.000000 0.344099 0.000000 -0.938933 0.646491 0.646491 0.646491
2540.352051 0.000000 2389.604736 0.000000 0.250083 0.000000 -0.968224 0.650345 0.650345 0.650345
2552.639160 0.000000 2377.316162 0.000000 0.664786 0.000000 -0.747034 0.632223 0.632223 0.632223
2543.447998 0.000000 2385.029541 0.000000 0.233890 0.000000 -0.972263 0.650983 0.650983 0.650983
2557.738281 0.000000 2400.593018 0.000000 0.501557 0.000000 -0.865124 0.639931 0.639931 0.639931
2534.385986 0.000000 2389.188721 0.000000 0.022560 0.000000 -0.999745 0.658674 0.658674 0.658674
2545.394043 0.000000 2397.673584 0.000000 0.173634 0.000000 -0.984810 0.629498 0.629498 0.629498
2609.519043 0.000000 2265.704590 0.000000 0.648471 0.000000 -0.761240 0.633049 0.633049 0.633049
2586.122314 0.000000 2270.183350 0.000000 0.156263 0.000000 -0.987716 0.654007 0.654007 0.654007
2591.825928 0.000000 2267.497314 0.000000 0.074565 0.000000 -0.997216 0.657149 0.657149 0.657149
2604.063232 0.000000 2268.364014 0.000000 0.080580 0.000000 -0.996748 0.656919 0.656919 0.656919
2583.491943 0.000000 2260.006592 0.000000 0.650793 0.000000 -0.759255 0.632932 0.632932 0.632932
2579.771729 0.000000 2282.000488 0.000000 0.324916 0.000000 -0.945743 0.642159 0.642159 0.642159
2610.318359 0.000000 2259.580811 0.000000 0.281523 0.000000 -0.959554 0.649099 0.649099 0.649099
2581.668701 0.000000 2269.163818 0.000000 0.039824 0.000000 -0.999207 0.658478 0.658478 0.658478
2592.426758 0.000000 2271.812744 0.000000 0.548585 0.000000 -0.836095 0.637820 0.637820 0.637820
2571.786377 0.000000 2264.427979 0.000000 0.672247 0.000000 -0.740327 0.631840 0.631840 0.631840
2622.270020 0.000000 2263.806396 0.000000 0.042623 0.000000 -0.999091 0.650360 0.650360 0.650360
2602.673340 0.000000 2259.518799 0.000000 0.526932 0.000000 -0.849907 0.638801 0.638801 0.638801
2607.663086 0.000000 2269.386963 0.000000 0.243228 0.000000 -0.969969 0.643569 0.643569 0.643569
2612.003906 0.000000 2262.702637 0.000000 0.152975 0.000000 -0.988230 0.654134 0.654134 0.654134
2568.667480 0.000000 2264.154297 0.000000 0.225074 0.000000 -0.974342 0.649014 0.649014 0.649014
2572.526855 0.000000 2282.420898 0.000000 0.239638 0.000000 -0.970862 0.647572 0.647572 0.647572
2608.746582 0.000000 2262.612549 0.000000 0.685618 0.000000 -0.727962 0.631144 0.631144 0.631144
2572.112305 0.000000 2274.281738 0.000000 0.169167 0.000000 -0.985587 0.653507 0.653507 0.653507
2577.664795 0.000000 2266.031006 0.000000 0.017538 0.000000 -0.999846 0.653397 0.653397 0.653397
2580.094971 0.000000 2274.775879 0.000000 0.186523 0.000000 -0.982451 0.652730 0.652730 0.652730
2589.958740 0.000000 2269.575439 0.000000 0.190233 0.000000 -0.981739 0.652689 0.652689 0.652689
2583.068359 0.000000 2263.886230 0.000000 0.277879 0.000000 -0.960616 0.649244 0.649244 0.649244
2597.463867 0.000000 2266.980469 0.000000 0.243831 0.000000 -0.969818 0.650591 0.650591 0.650591
2578.498535 0.000000 2263.193115 0.000000 0.101415 0.000000 -0.994844 0.656120 0.656120 0.656120
2578.128174 0.000000 2280.136719 0.000000 0.512387 0.000000 -0.858755 0.639451 0.639451 0.639451
2607.339111 0.000000 2259.621094 0.000000 0.420813 0.000000 -0.907147 0.643409 0.643409 0.643409
2567.671631 0.000000 2397.200195 0.000000 0.641406 0.000000 -0.767201 0.543542 0.543542 0.543542
2564.032471 0.000000 2403.955322 0.000000 0.348040 0.000000 -0.937480 0.646422 0.646422 0.646422
2567.979980 0.000000 2414.479004 0.000000 0.028030 0.000000 -0.999607 0.654654 0.654654 0.654654
2566.215332 0.000000 2421.281494 0.000000 0.298623 0.000000 -0.954371 0.648417 0.648417 0.648417
2561.017578 0.000000 2399.036865 0.000000 0.091380 0.000000 -0.995816 0.656505 0.656505 0.656505
2564.755371 0.000000 2400.216309 0.000000 0.103462 0.000000 -0.994633 0.656041 0.656041 0.656041
2560.009766 0.000000 2414.536377 0.000000 0.415820 0.000000 -0.909447 0.641139 0.641139 0.641139
2563.510986 0.000000 2419.271729 0.000000 0.385796 0.000000 -0.922584 0.644871 0.644871 0.644871
2563.820801 0.000000 2386.149170 0.000000 0.216290 0.000000 -0.976329 0.613178 0.613178 0.613178
2567.213623 0.000000 2410.543701 0.000000 0.630821 0.000000 -0.775928 0.633926 0.633926 0.633926
2562.822754 0.000000 2406.311768 0.000000 0.640510 0.000000 -0.767950 0.559182 0.559182 0.559182
2567.142822 0.000000 2399.728271 0.000000 0.437055 0.000000 -0.899435 0.642723 0.642723 0.642723
5702.424805 0.000000 2675.125732 0.000000 0.285619 0.000000 -0.958343 0.435848 0.435848 0.435848
5705.604492 0.000000 2682.219971 0.000000 0.411953 0.000000 -0.911205 0.564704 0.564704 0.564704
5708.526855 0.000000 2677.811523 0.000000 0.329116 0.000000 -0.944289 0.505729 0.505729 0.505729
5716.094727 0.000000 2670.166504 0.000000 0.251089 0.000000 -0.967964 0.643006 0.643006 0.643006
5716.832520 0.000000 2667.345215 0.000000 0.345244 0.000000 -0.938513 0.644802 0.644802 0.644802
5718.077637 0.000000 2671.940186 0.000000 0.015723 0.000000 -0.999876 0.659399 0.659399 0.659399
5674.835938 0.000000 2717.256348 0.000000 0.015551 0.000000 -0.999879 0.503373 0.503373 0.503373
5673.967773 0.000000 2741.067871 0.000000 0.702076 0.000000 -0.712102 0.630271 0.630271 0.630271
5691.100586 0.000000 2721.342773 0.000000 0.243815 0.000000 -0.969822 0.469728 0.469728 0.469728
5646.604980 0.000000 2758.826904 0.000000 0.244484 0.000000 -0.969653 0.541246 0.541246 0.541246
5656.795410 0.000000 2739.162109 0.000000 0.357771 0.000000 -0.933809 0.547222 0.547222 0.547222
5657.283691 0.000000 2732.867676 0.000000 0.041745 0.000000 -0.999128 0.499893 0.499893 0.499893
5697.451660 0.000000 2720.642334 0.000000 0.135800 0.000000 -0.990736 0.502452 0.502452 0.502452
5662.608887 0.000000 2773.273926 0.000000 0.122494 0.000000 -0.992469 0.582922 0.582922 0.582922
5669.463867 0.000000 2775.339844 0.000000 0.158542 0.000000 -0.987352 0.649901 0.649901 0.649901
"}
