object={
	name="pine_sparse_generator_2_0"
	clamp_to_water_level=no
	render_under_water=no
	generated_content=yes
	layer="semidynamic_medium"
	pdxmesh="tree_fir_001_mesh"
	count=6
	transform="5591.599609 0.000000 2652.836426 0.000000 0.149235 0.000000 0.988802 0.490756 0.490756 0.490756
5606.792969 0.000000 2657.577637 0.000000 0.427618 0.000000 0.903960 0.436031 0.436031 0.436031
5601.049316 0.000000 2656.015869 0.000000 0.248045 0.000000 0.968749 0.533411 0.533411 0.533411
5597.325684 0.000000 2659.240723 0.000000 0.035531 0.000000 0.999369 0.505480 0.505480 0.505480
5590.020996 0.000000 2656.085693 0.000000 0.254635 0.000000 0.967037 0.468394 0.468394 0.468394
5599.750977 0.000000 2661.348633 0.000000 0.413426 0.000000 0.910538 0.480808 0.480808 0.480808
"}
object={
	name="pine_sparse_generator_2_1"
	clamp_to_water_level=no
	render_under_water=no
	generated_content=yes
	layer="semidynamic_medium"
	pdxmesh="tree_fir_002_mesh"
	count=9
	transform="5591.348633 0.000000 2651.279785 0.000000 0.929352 0.000000 0.369194 0.514089 0.514089 0.514089
5592.641113 0.000000 2654.005859 0.000000 0.879031 0.000000 0.476765 0.418692 0.418692 0.418692
5606.819824 0.000000 2650.532959 0.000000 0.660397 0.000000 0.750916 0.422443 0.422443 0.422443
5594.987305 0.000000 2654.854492 0.000000 0.722408 0.000000 0.691467 0.389630 0.389630 0.389630
5595.678223 0.000000 2659.779785 0.000000 0.935586 0.000000 0.353099 0.569702 0.569702 0.569702
5595.120117 0.000000 2656.714355 0.000000 0.729967 0.000000 0.683482 0.487209 0.487209 0.487209
5602.937012 0.000000 2656.550293 0.000000 0.832878 0.000000 0.553457 0.550570 0.550570 0.550570
5594.256836 0.000000 2659.490479 0.000000 0.876710 0.000000 0.481019 0.565910 0.565910 0.565910
5599.834473 0.000000 2656.919189 0.000000 0.870726 0.000000 0.491768 0.520464 0.520464 0.520464
"}
object={
	name="pine_sparse_generator_2_2"
	clamp_to_water_level=no
	render_under_water=no
	generated_content=yes
	layer="semidynamic_medium"
	pdxmesh="tree_fir_003_mesh"
	count=9
	transform="5604.742188 0.000000 2651.486328 0.000000 0.991826 0.000000 0.127595 0.476954 0.476954 0.476954
5586.536621 0.000000 2651.750977 0.000000 0.994968 0.000000 -0.100198 0.530722 0.530722 0.530722
5591.366211 0.000000 2657.418213 0.000000 0.984572 0.000000 0.174981 0.491522 0.491522 0.491522
5604.990723 0.000000 2655.451172 0.000000 0.997847 0.000000 -0.065587 0.642310 0.642310 0.642310
5592.779785 0.000000 2659.302246 0.000000 0.989079 0.000000 0.147384 0.658639 0.658639 0.658639
5600.131348 0.000000 2659.885010 0.000000 0.998795 0.000000 -0.049080 0.620114 0.620114 0.620114
5595.133789 0.000000 2658.295898 0.000000 0.969615 0.000000 0.244638 0.572762 0.572762 0.572762
5601.760254 0.000000 2659.173828 0.000000 0.999875 0.000000 0.015841 0.618148 0.618148 0.618148
5590.014160 0.000000 2660.299805 0.000000 0.951393 0.000000 0.307979 0.507887 0.507887 0.507887
"}
object={
	name="pine_sparse_generator_2_3"
	clamp_to_water_level=no
	render_under_water=no
	generated_content=yes
	layer="semidynamic_medium"
	pdxmesh="tree_fir_004_mesh"
	count=8
	transform="5587.443848 0.000000 2648.200928 0.000000 0.637194 0.000000 -0.770704 0.456824 0.456824 0.456824
5604.342285 0.000000 2653.949951 0.000000 0.652865 0.000000 -0.757474 0.640425 0.640425 0.640425
5588.141113 0.000000 2652.213135 0.000000 0.850926 0.000000 -0.525285 0.635369 0.635369 0.635369
5601.680176 0.000000 2654.108887 0.000000 0.946974 0.000000 -0.321310 0.487702 0.487702 0.487702
5588.440918 0.000000 2653.787842 0.000000 0.602762 0.000000 -0.797921 0.646593 0.646593 0.646593
5588.805176 0.000000 2654.833252 0.000000 0.626214 0.000000 -0.779651 0.504929 0.504929 0.504929
5594.957520 0.000000 2661.392334 0.000000 0.847486 0.000000 -0.530818 0.535068 0.535068 0.535068
5591.673828 0.000000 2660.721680 0.000000 0.936545 0.000000 -0.350547 0.522507 0.522507 0.522507
"}
object={
	name="pine_sparse_generator_2_4"
	clamp_to_water_level=no
	render_under_water=no
	generated_content=yes
	layer="semidynamic_medium"
	pdxmesh="tree_fir_005_mesh"
	count=10
	transform="5589.502930 0.000000 2646.600342 0.000000 0.059014 0.000000 -0.998257 0.420531 0.420531 0.420531
5585.722656 0.000000 2650.458496 0.000000 0.193637 0.000000 -0.981073 0.424583 0.424583 0.424583
5607.778320 0.000000 2654.116211 0.000000 0.113859 0.000000 -0.993497 0.563858 0.563858 0.563858
5589.843750 0.000000 2648.565918 0.000000 0.008773 0.000000 -0.999961 0.515952 0.515952 0.515952
5589.894043 0.000000 2651.555176 0.000000 0.531023 0.000000 -0.847357 0.649231 0.649231 0.649231
5605.805176 0.000000 2653.807861 0.000000 0.518227 0.000000 -0.855243 0.645410 0.645410 0.645410
5604.045898 0.000000 2660.040527 0.000000 0.155839 0.000000 -0.987782 0.418643 0.418643 0.418643
5602.934570 0.000000 2658.334717 0.000000 0.107454 0.000000 -0.994210 0.544398 0.544398 0.544398
5598.725586 0.000000 2658.358154 0.000000 0.229520 0.000000 -0.973304 0.639459 0.639459 0.639459
5598.191406 0.000000 2656.979736 0.000000 0.014696 0.000000 -0.999892 0.568338 0.568338 0.568338
"}
