object={
	name="pine_dense_generator_3_0"
	clamp_to_water_level=no
	render_under_water=no
	generated_content=yes
	layer="semidynamic_high"
	pdxmesh="tree_fir_001_mesh"
	count=57
	transform="5681.639160 0.000000 2710.522217 0.000000 0.212786 0.000000 0.977099 0.473206 0.473206 0.473206
5653.386719 0.000000 2710.591309 0.000000 0.426867 0.000000 0.904314 0.562684 0.562684 0.562684
5650.325195 0.000000 2706.164795 0.000000 0.229237 0.000000 0.973371 0.551343 0.551343 0.551343
5652.250488 0.000000 2706.367188 0.000000 0.212944 0.000000 0.977064 0.551955 0.551955 0.551955
5718.782715 0.000000 2662.069092 0.000000 0.374973 0.000000 0.927036 0.386366 0.386366 0.386366
5709.872070 0.000000 2683.168213 0.000000 0.290350 0.000000 0.956921 0.394546 0.394546 0.394546
5711.223145 0.000000 2683.112061 0.000000 0.420004 0.000000 0.907522 0.487505 0.487505 0.487505
5713.980469 0.000000 2694.021240 0.000000 0.059405 0.000000 0.998234 0.482024 0.482024 0.482024
5720.446289 0.000000 2698.104736 0.000000 0.452364 0.000000 0.891833 0.557930 0.557930 0.557930
5705.207520 0.000000 2679.507812 0.000000 0.320410 0.000000 0.947279 0.522783 0.522783 0.522783
5720.788574 0.000000 2668.877930 0.000000 0.079392 0.000000 0.996843 0.551525 0.551525 0.551525
5705.796387 0.000000 2687.259766 0.000000 0.503783 0.000000 0.863830 0.527248 0.527248 0.527248
5714.954102 0.000000 2693.681396 0.000000 0.253593 0.000000 0.967311 0.554125 0.554125 0.554125
5721.147461 0.000000 2698.880371 0.000000 0.506637 0.000000 0.862160 0.560293 0.560293 0.560293
5720.943848 0.000000 2667.691650 0.000000 0.204721 0.000000 0.978820 0.549511 0.549511 0.549511
5717.444336 0.000000 2665.438721 0.000000 0.132788 0.000000 0.991144 0.546487 0.546487 0.546487
5719.863281 0.000000 2670.557861 0.000000 0.403339 0.000000 0.915051 0.555858 0.555858 0.555858
5665.448730 0.000000 2734.546875 0.000000 0.193326 0.000000 0.981135 0.381171 0.381171 0.381171
5667.200195 0.000000 2724.046875 0.000000 0.311585 0.000000 0.950218 0.382594 0.382594 0.382594
5657.706543 0.000000 2724.889404 0.000000 0.249105 0.000000 0.968477 0.381625 0.381625 0.381625
5660.161133 0.000000 2759.862061 0.000000 0.195563 0.000000 0.980691 0.418730 0.418730 0.418730
5679.029785 0.000000 2725.493408 0.000000 0.476727 0.000000 0.879051 0.456002 0.456002 0.456002
5650.536621 0.000000 2764.719727 0.000000 0.306296 0.000000 0.951936 0.432422 0.432422 0.432422
5647.453125 0.000000 2760.225098 0.000000 0.465836 0.000000 0.884871 0.455752 0.455752 0.455752
5650.338867 0.000000 2719.283203 0.000000 0.117927 0.000000 0.993022 0.448323 0.448323 0.448323
5694.095703 0.000000 2742.796143 0.000000 0.509555 0.000000 0.860438 0.450824 0.450824 0.450824
5655.062012 0.000000 2727.371582 0.000000 0.512986 0.000000 0.858397 0.468716 0.468716 0.468716
5668.309082 0.000000 2740.635986 0.000000 0.522722 0.000000 0.852503 0.463024 0.463024 0.463024
5651.857422 0.000000 2763.946777 0.000000 0.163936 0.000000 0.986471 0.508201 0.508201 0.508201
5687.569824 0.000000 2731.248291 0.000000 0.086849 0.000000 0.996221 0.543322 0.543322 0.543322
5673.492676 0.000000 2761.733887 0.000000 0.273425 0.000000 0.961893 0.484953 0.484953 0.484953
5671.595215 0.000000 2754.347900 0.000000 0.034632 0.000000 0.999400 0.548687 0.548687 0.548687
5659.906250 0.000000 2749.664307 0.000000 0.563101 0.000000 0.826388 0.562847 0.562847 0.562847
5691.404785 0.000000 2735.493896 0.000000 0.475351 0.000000 0.879796 0.558922 0.558922 0.558922
5680.027344 0.000000 2715.256836 0.000000 0.329672 0.000000 0.944096 0.533304 0.533304 0.533304
5656.250000 0.000000 2747.416260 0.000000 0.536230 0.000000 0.844072 0.563650 0.563650 0.563650
5673.572266 0.000000 2756.809326 0.000000 0.297241 0.000000 0.954802 0.555710 0.555710 0.555710
5650.972168 0.000000 2761.967041 0.000000 0.458163 0.000000 0.888868 0.563673 0.563673 0.563673
5651.490723 0.000000 2725.946289 0.000000 0.393057 0.000000 0.919514 0.555430 0.555430 0.555430
5652.910645 0.000000 2726.208008 0.000000 0.157623 0.000000 0.987499 0.546046 0.546046 0.546046
5673.341309 0.000000 2757.689209 0.000000 0.423546 0.000000 0.905875 0.560441 0.560441 0.560441
5649.103516 0.000000 2761.332275 0.000000 0.237618 0.000000 0.971359 0.550659 0.550659 0.550659
5659.588867 0.000000 2748.032715 0.000000 0.372909 0.000000 0.927868 0.554597 0.554597 0.554597
5673.783691 0.000000 2763.478760 0.000000 0.529502 0.000000 0.848309 0.561997 0.561997 0.561997
5659.358398 0.000000 2748.891113 0.000000 0.044450 0.000000 0.999012 0.541698 0.541698 0.541698
5656.141602 0.000000 2743.282715 0.000000 0.525552 0.000000 0.850761 0.561137 0.561137 0.561137
5708.607910 0.000000 2748.185547 0.000000 0.409860 0.000000 0.912148 0.449786 0.449786 0.449786
5714.847656 0.000000 2752.205811 0.000000 0.311760 0.000000 0.950161 0.552110 0.552110 0.552110
5659.678223 0.000000 2772.748535 0.000000 0.173958 0.000000 0.984753 0.385725 0.385725 0.385725
5669.372070 0.000000 2771.798828 0.000000 0.327822 0.000000 0.944740 0.411683 0.411683 0.411683
5664.052246 0.000000 2767.756592 0.000000 0.218461 0.000000 0.975846 0.475623 0.475623 0.475623
5660.025391 0.000000 2774.105225 0.000000 0.407741 0.000000 0.913098 0.559317 0.559317 0.559317
5667.494629 0.000000 2770.432861 0.000000 0.261247 0.000000 0.965272 0.537970 0.537970 0.537970
5663.969727 0.000000 2768.861328 0.000000 0.583573 0.000000 0.812061 0.567989 0.567989 0.567989
5664.829590 0.000000 2769.926514 0.000000 0.007212 0.000000 0.999974 0.540276 0.540276 0.540276
5664.543945 0.000000 2773.733643 0.000000 0.075551 0.000000 0.997142 0.549720 0.549720 0.549720
5668.888184 0.000000 2772.668213 0.000000 0.367941 0.000000 0.929849 0.559937 0.559937 0.559937
"}
object={
	name="pine_dense_generator_3_1"
	clamp_to_water_level=no
	render_under_water=no
	generated_content=yes
	layer="semidynamic_high"
	pdxmesh="tree_fir_002_mesh"
	count=54
	transform="5653.486816 0.000000 2706.019775 0.000000 0.785569 0.000000 0.618774 0.576364 0.576364 0.576364
5705.322266 0.000000 2673.733154 0.000000 0.728181 0.000000 0.685385 0.403609 0.403609 0.403609
5710.389648 0.000000 2692.550049 0.000000 0.894899 0.000000 0.446269 0.435744 0.435744 0.435744
5709.306641 0.000000 2679.317139 0.000000 0.777220 0.000000 0.629229 0.443055 0.443055 0.443055
5718.383789 0.000000 2701.777344 0.000000 0.874883 0.000000 0.484334 0.476264 0.476264 0.476264
5719.105469 0.000000 2698.948975 0.000000 0.828900 0.000000 0.559397 0.577324 0.577324 0.577324
5722.614258 0.000000 2698.409180 0.000000 0.796830 0.000000 0.604204 0.575316 0.575316 0.575316
5717.314941 0.000000 2671.282471 0.000000 0.803419 0.000000 0.595414 0.579173 0.579173 0.579173
5714.823242 0.000000 2690.904053 0.000000 0.927300 0.000000 0.374320 0.576903 0.576903 0.576903
5718.761719 0.000000 2699.843262 0.000000 0.701882 0.000000 0.712293 0.569719 0.569719 0.569719
5716.807617 0.000000 2664.244629 0.000000 0.736724 0.000000 0.676194 0.572358 0.572358 0.572358
5721.814453 0.000000 2667.425049 0.000000 0.631227 0.000000 0.775598 0.567158 0.567158 0.567158
5659.528320 0.000000 2745.789307 0.000000 0.716409 0.000000 0.697681 0.415643 0.415643 0.415643
5672.256348 0.000000 2728.097656 0.000000 0.678361 0.000000 0.734729 0.436746 0.436746 0.436746
5692.312988 0.000000 2735.004883 0.000000 0.721171 0.000000 0.692757 0.435379 0.435379 0.435379
5681.393555 0.000000 2735.080566 0.000000 0.774655 0.000000 0.632384 0.449139 0.449139 0.449139
5645.467285 0.000000 2759.896729 0.000000 0.675028 0.000000 0.737792 0.454890 0.454890 0.454890
5691.914062 0.000000 2739.572754 0.000000 0.664065 0.000000 0.747675 0.453388 0.453388 0.453388
5679.484375 0.000000 2730.708984 0.000000 0.860438 0.000000 0.509555 0.481871 0.481871 0.481871
5660.231934 0.000000 2752.852783 0.000000 0.608078 0.000000 0.793878 0.502244 0.502244 0.502244
5687.779785 0.000000 2734.436279 0.000000 0.907902 0.000000 0.419181 0.585584 0.585584 0.585584
5654.963379 0.000000 2733.722900 0.000000 0.764121 0.000000 0.645073 0.574223 0.574223 0.574223
5656.817383 0.000000 2744.283691 0.000000 0.842991 0.000000 0.537928 0.578305 0.578305 0.578305
5681.364258 0.000000 2713.539307 0.000000 0.931643 0.000000 0.363376 0.530787 0.530787 0.530787
5654.742676 0.000000 2737.878174 0.000000 0.924516 0.000000 0.381144 0.559141 0.559141 0.559141
5648.762695 0.000000 2762.954102 0.000000 0.677849 0.000000 0.735201 0.571234 0.571234 0.571234
5680.425781 0.000000 2732.769775 0.000000 0.949817 0.000000 0.312806 0.588825 0.588825 0.588825
5691.427246 0.000000 2734.434814 0.000000 0.730312 0.000000 0.683114 0.571275 0.571275 0.571275
5681.666504 0.000000 2731.620605 0.000000 0.698894 0.000000 0.715225 0.531676 0.531676 0.531676
5685.304199 0.000000 2731.777832 0.000000 0.822650 0.000000 0.568547 0.571217 0.571217 0.571217
5674.766602 0.000000 2740.297363 0.000000 0.785896 0.000000 0.618358 0.575329 0.575329 0.575329
5653.314941 0.000000 2727.766846 0.000000 0.738104 0.000000 0.674687 0.571714 0.571714 0.571714
5672.232910 0.000000 2762.318359 0.000000 0.647978 0.000000 0.761659 0.567510 0.567510 0.567510
5673.023438 0.000000 2746.827637 0.000000 0.679170 0.000000 0.733981 0.568766 0.568766 0.568766
5690.491699 0.000000 2733.981934 0.000000 0.942533 0.000000 0.334112 0.587053 0.587053 0.587053
5681.571777 0.000000 2733.653809 0.000000 0.935738 0.000000 0.352695 0.587339 0.587339 0.587339
5686.722168 0.000000 2731.819824 0.000000 0.592076 0.000000 0.805882 0.564203 0.564203 0.564203
5653.932129 0.000000 2718.956787 0.000000 0.773260 0.000000 0.634089 0.576543 0.576543 0.576543
5652.122559 0.000000 2714.106201 0.000000 0.912675 0.000000 0.408687 0.585708 0.585708 0.585708
5652.807617 0.000000 2720.729004 0.000000 0.887395 0.000000 0.461010 0.582524 0.582524 0.582524
5673.873047 0.000000 2762.551025 0.000000 0.594495 0.000000 0.804099 0.564947 0.564947 0.564947
5676.581055 0.000000 2764.090820 0.000000 0.690998 0.000000 0.722856 0.569139 0.569139 0.569139
5654.711914 0.000000 2729.148682 0.000000 0.859452 0.000000 0.511217 0.579503 0.579503 0.579503
5669.912109 0.000000 2743.834961 0.000000 0.949884 0.000000 0.312604 0.588808 0.588808 0.588808
5711.870117 0.000000 2748.072754 0.000000 0.681704 0.000000 0.731628 0.398939 0.398939 0.398939
5711.914062 0.000000 2751.374023 0.000000 0.813907 0.000000 0.580995 0.577341 0.577341 0.577341
5712.999512 0.000000 2752.299072 0.000000 0.757975 0.000000 0.652284 0.572857 0.572857 0.572857
5656.779785 0.000000 2772.270996 0.000000 0.832478 0.000000 0.554058 0.429842 0.429842 0.429842
5670.707031 0.000000 2776.291748 0.000000 0.925427 0.000000 0.378927 0.467372 0.467372 0.467372
5679.286621 0.000000 2769.507812 0.000000 0.592716 0.000000 0.805412 0.440765 0.440765 0.440765
5664.901855 0.000000 2774.618164 0.000000 0.819296 0.000000 0.573371 0.576676 0.576676 0.576676
5662.916992 0.000000 2775.536865 0.000000 0.928661 0.000000 0.370930 0.585485 0.585485 0.585485
5666.542969 0.000000 2775.485107 0.000000 0.710215 0.000000 0.703985 0.574614 0.574614 0.574614
5669.896973 0.000000 2774.486572 0.000000 0.665409 0.000000 0.746479 0.570208 0.570208 0.570208
"}
object={
	name="pine_dense_generator_3_2"
	clamp_to_water_level=no
	render_under_water=no
	generated_content=yes
	layer="semidynamic_high"
	pdxmesh="tree_fir_003_mesh"
	count=59
	transform="4914.999023 0.000000 1080.545898 0.000000 0.976178 0.000000 -0.216973 0.454249 0.454249 0.454249
5643.147461 0.000000 2692.931152 0.000000 0.986825 0.000000 0.161789 0.466751 0.466751 0.466751
5647.453125 0.000000 2703.740723 0.000000 0.955245 0.000000 -0.295815 0.474477 0.474477 0.474477
5665.498047 0.000000 2702.980469 0.000000 0.988321 0.000000 -0.152384 0.547182 0.547182 0.547182
5667.980469 0.000000 2702.559082 0.000000 0.967440 0.000000 0.253100 0.522357 0.522357 0.522357
5648.360840 0.000000 2701.310303 0.000000 0.952237 0.000000 -0.305359 0.559432 0.559432 0.559432
5652.864746 0.000000 2707.932373 0.000000 0.996474 0.000000 -0.083902 0.602976 0.602976 0.602976
5653.127930 0.000000 2708.946045 0.000000 0.978943 0.000000 -0.204132 0.607852 0.607852 0.607852
5650.972168 0.000000 2705.482666 0.000000 0.969043 0.000000 -0.246891 0.609454 0.609454 0.609454
5715.835449 0.000000 2675.652588 0.000000 0.962464 0.000000 0.271409 0.432619 0.432619 0.432619
5725.264648 0.000000 2701.546875 0.000000 0.976892 0.000000 0.213734 0.449032 0.449032 0.449032
5711.586426 0.000000 2680.635010 0.000000 0.971369 0.000000 0.237577 0.516374 0.516374 0.516374
5716.295898 0.000000 2663.495605 0.000000 0.993101 0.000000 -0.117266 0.604120 0.604120 0.604120
5704.698730 0.000000 2686.230469 0.000000 0.991594 0.000000 -0.129390 0.559813 0.559813 0.559813
5718.068359 0.000000 2669.492920 0.000000 0.996851 0.000000 -0.079302 0.602676 0.602676 0.602676
5719.802734 0.000000 2668.973389 0.000000 0.961208 0.000000 -0.275823 0.609418 0.609418 0.609418
5643.406250 0.000000 2744.320801 0.000000 0.998674 0.000000 -0.051482 0.400697 0.400697 0.400697
5647.197266 0.000000 2722.882812 0.000000 0.991396 0.000000 -0.130896 0.401789 0.401789 0.401789
5643.616211 0.000000 2740.591064 0.000000 0.995812 0.000000 -0.091426 0.405888 0.405888 0.405888
5666.111328 0.000000 2742.865234 0.000000 0.996920 0.000000 0.078424 0.398902 0.398902 0.398902
5655.339844 0.000000 2743.657471 0.000000 0.954096 0.000000 -0.299499 0.407601 0.407601 0.407601
5693.382324 0.000000 2741.552246 0.000000 0.994995 0.000000 0.099926 0.422598 0.422598 0.422598
5682.516602 0.000000 2727.281494 0.000000 0.996927 0.000000 -0.078342 0.435947 0.435947 0.435947
5680.943848 0.000000 2722.838379 0.000000 0.961071 0.000000 0.276301 0.429978 0.429978 0.429978
5689.728516 0.000000 2736.644775 0.000000 0.999368 0.000000 0.035547 0.466632 0.466632 0.466632
5680.663086 0.000000 2729.906006 0.000000 0.951215 0.000000 -0.308529 0.481451 0.481451 0.481451
5662.191406 0.000000 2713.464111 0.000000 0.988308 0.000000 -0.152471 0.475583 0.475583 0.475583
5667.030762 0.000000 2735.144287 0.000000 0.988967 0.000000 -0.148133 0.475496 0.475496 0.475496
5669.805176 0.000000 2766.776611 0.000000 0.998881 0.000000 0.047288 0.469008 0.469008 0.469008
5655.724609 0.000000 2738.379395 0.000000 0.998421 0.000000 -0.056171 0.514393 0.514393 0.514393
5682.572266 0.000000 2735.964600 0.000000 0.997377 0.000000 0.072382 0.523052 0.523052 0.523052
5654.163574 0.000000 2714.215332 0.000000 0.998505 0.000000 0.054663 0.516988 0.516988 0.516988
5664.520996 0.000000 2766.702881 0.000000 0.960844 0.000000 0.277089 0.500110 0.500110 0.500110
5655.342773 0.000000 2735.990479 0.000000 0.991787 0.000000 -0.127901 0.604255 0.604255 0.604255
5647.586426 0.000000 2737.119385 0.000000 0.996460 0.000000 -0.084063 0.565140 0.565140 0.565140
5674.127930 0.000000 2758.703369 0.000000 0.972400 0.000000 0.233320 0.590445 0.590445 0.590445
5648.122070 0.000000 2722.183838 0.000000 0.999994 0.000000 -0.003554 0.579846 0.579846 0.579846
5677.231445 0.000000 2764.833008 0.000000 0.965091 0.000000 0.261914 0.589878 0.589878 0.589878
5685.577148 0.000000 2730.196045 0.000000 0.992135 0.000000 -0.125174 0.594135 0.594135 0.594135
5685.110840 0.000000 2728.097656 0.000000 0.999421 0.000000 0.034017 0.598825 0.598825 0.598825
5689.619629 0.000000 2735.588867 0.000000 0.992461 0.000000 0.122563 0.552797 0.552797 0.552797
5655.759277 0.000000 2719.668945 0.000000 0.999906 0.000000 -0.013742 0.561827 0.561827 0.561827
5657.272461 0.000000 2746.003174 0.000000 0.991696 0.000000 0.128605 0.595335 0.595335 0.595335
5673.240234 0.000000 2741.766602 0.000000 0.960250 0.000000 -0.279143 0.610806 0.610806 0.610806
5652.064453 0.000000 2723.103516 0.000000 0.955368 0.000000 0.295420 0.588545 0.588545 0.588545
5674.594238 0.000000 2741.838623 0.000000 0.983279 0.000000 0.182103 0.590853 0.590853 0.590853
5653.506348 0.000000 2758.606201 0.000000 0.999818 0.000000 -0.019072 0.600709 0.600709 0.600709
5689.652832 0.000000 2732.084473 0.000000 0.999022 0.000000 -0.044205 0.601689 0.601689 0.601689
5651.296875 0.000000 2759.858154 0.000000 0.951857 0.000000 0.306543 0.588683 0.588683 0.588683
5668.431152 0.000000 2742.950195 0.000000 0.983458 0.000000 0.181136 0.593588 0.593588 0.593588
5704.859375 0.000000 2748.737061 0.000000 0.999760 0.000000 -0.021887 0.445481 0.445481 0.445481
5697.302734 0.000000 2715.803223 0.000000 0.987042 0.000000 -0.160464 0.605383 0.605383 0.605383
5711.305664 0.000000 2753.432373 0.000000 0.960378 0.000000 0.278700 0.589212 0.589212 0.589212
5710.221680 0.000000 2751.108887 0.000000 0.998215 0.000000 -0.059725 0.602184 0.602184 0.602184
5712.302246 0.000000 2753.549072 0.000000 0.979127 0.000000 -0.203251 0.607818 0.607818 0.607818
5679.882812 0.000000 2772.758057 0.000000 0.999826 0.000000 -0.018646 0.424478 0.424478 0.424478
5662.228516 0.000000 2767.746094 0.000000 0.983758 0.000000 -0.179501 0.545248 0.545248 0.545248
5664.861816 0.000000 2768.109375 0.000000 0.999981 0.000000 -0.006243 0.600239 0.600239 0.600239
5668.835449 0.000000 2775.983398 0.000000 0.996021 0.000000 -0.089115 0.603155 0.603155 0.603155
"}
object={
	name="pine_dense_generator_3_3"
	clamp_to_water_level=no
	render_under_water=no
	generated_content=yes
	layer="semidynamic_high"
	pdxmesh="tree_fir_004_mesh"
	count=68
	transform="5649.119629 0.000000 2703.024170 0.000000 0.841025 0.000000 -0.540997 0.621834 0.621834 0.621834
5648.262695 0.000000 2703.379395 0.000000 0.711961 0.000000 -0.702219 0.629737 0.629737 0.629737
5699.051758 0.000000 2704.618164 0.000000 0.667820 0.000000 -0.744322 0.486383 0.486383 0.486383
5714.338867 0.000000 2662.798828 0.000000 0.655810 0.000000 -0.754926 0.478278 0.478278 0.478278
5714.317871 0.000000 2690.008301 0.000000 0.617515 0.000000 -0.786559 0.617169 0.617169 0.617169
5705.391113 0.000000 2689.329102 0.000000 0.894153 0.000000 -0.447762 0.578694 0.578694 0.578694
5710.294922 0.000000 2701.273926 0.000000 0.717400 0.000000 -0.696661 0.597393 0.597393 0.597393
5718.346191 0.000000 2698.030762 0.000000 0.720798 0.000000 -0.693145 0.629253 0.629253 0.629253
5716.064453 0.000000 2666.619141 0.000000 0.595721 0.000000 -0.803191 0.634297 0.634297 0.634297
5717.932129 0.000000 2662.472412 0.000000 0.928042 0.000000 -0.372475 0.613378 0.613378 0.613378
5715.247070 0.000000 2692.615234 0.000000 0.813902 0.000000 -0.581003 0.621638 0.621638 0.621638
5718.711914 0.000000 2672.664307 0.000000 0.695068 0.000000 -0.718944 0.630284 0.630284 0.630284
5720.152832 0.000000 2667.137939 0.000000 0.903376 0.000000 -0.428849 0.616399 0.616399 0.616399
5717.702148 0.000000 2667.117188 0.000000 0.619169 0.000000 -0.785258 0.633211 0.633211 0.633211
5675.659668 0.000000 2747.429688 0.000000 0.775781 0.000000 -0.631003 0.414369 0.414369 0.414369
5690.270996 0.000000 2719.583740 0.000000 0.792850 0.000000 -0.609417 0.462078 0.462078 0.462078
5677.839355 0.000000 2737.935791 0.000000 0.944142 0.000000 -0.329539 0.446946 0.446946 0.446946
5643.461426 0.000000 2738.844482 0.000000 0.719848 0.000000 -0.694132 0.447419 0.447419 0.447419
5676.442383 0.000000 2717.762695 0.000000 0.914902 0.000000 -0.403676 0.469953 0.469953 0.469953
5669.967285 0.000000 2736.147217 0.000000 0.641341 0.000000 -0.767256 0.452005 0.452005 0.452005
5664.594727 0.000000 2730.888428 0.000000 0.906740 0.000000 -0.421691 0.475751 0.475751 0.475751
5679.392090 0.000000 2732.530273 0.000000 0.779696 0.000000 -0.626158 0.488728 0.488728 0.488728
5678.203125 0.000000 2734.771484 0.000000 0.911646 0.000000 -0.410977 0.468750 0.468750 0.468750
5650.634277 0.000000 2756.518555 0.000000 0.905465 0.000000 -0.424421 0.460896 0.460896 0.460896
5676.188965 0.000000 2716.271240 0.000000 0.896071 0.000000 -0.443910 0.470794 0.470794 0.470794
5663.732910 0.000000 2764.066895 0.000000 0.811614 0.000000 -0.584195 0.467015 0.467015 0.467015
5663.834473 0.000000 2713.403564 0.000000 0.698997 0.000000 -0.715124 0.488341 0.488341 0.488341
5695.974609 0.000000 2742.781494 0.000000 0.717085 0.000000 -0.696986 0.486439 0.486439 0.486439
5657.036621 0.000000 2736.184814 0.000000 0.719812 0.000000 -0.694169 0.507304 0.507304 0.507304
5644.164062 0.000000 2746.759521 0.000000 0.874278 0.000000 -0.485425 0.488055 0.488055 0.488055
5673.405762 0.000000 2749.102783 0.000000 0.779408 0.000000 -0.626517 0.549878 0.549878 0.549878
5673.785156 0.000000 2745.333252 0.000000 0.643779 0.000000 -0.765211 0.633284 0.633284 0.633284
5689.538086 0.000000 2734.200439 0.000000 0.901593 0.000000 -0.432585 0.568633 0.568633 0.568633
5652.580078 0.000000 2758.847168 0.000000 0.945958 0.000000 -0.324288 0.612269 0.612269 0.612269
5646.050293 0.000000 2743.403076 0.000000 0.864895 0.000000 -0.501953 0.588742 0.588742 0.588742
5680.795410 0.000000 2721.274902 0.000000 0.873478 0.000000 -0.486863 0.562080 0.562080 0.562080
5673.081055 0.000000 2738.767334 0.000000 0.934255 0.000000 -0.356606 0.586694 0.586694 0.586694
5650.209473 0.000000 2722.153564 0.000000 0.924706 0.000000 -0.380681 0.614128 0.614128 0.614128
5672.466309 0.000000 2744.787354 0.000000 0.861021 0.000000 -0.508570 0.620379 0.620379 0.620379
5683.336914 0.000000 2733.361572 0.000000 0.949531 0.000000 -0.313674 0.592094 0.592094 0.592094
5682.122070 0.000000 2728.302979 0.000000 0.907165 0.000000 -0.420775 0.560079 0.560079 0.560079
5656.998535 0.000000 2742.006836 0.000000 0.684453 0.000000 -0.729057 0.631205 0.631205 0.631205
5651.508789 0.000000 2727.642090 0.000000 0.727427 0.000000 -0.686185 0.613930 0.613930 0.613930
5649.250000 0.000000 2723.930908 0.000000 0.671766 0.000000 -0.740763 0.604973 0.604973 0.604973
5681.862305 0.000000 2712.451904 0.000000 0.906211 0.000000 -0.422826 0.551952 0.551952 0.551952
5652.295898 0.000000 2719.979980 0.000000 0.947493 0.000000 -0.319777 0.611117 0.611117 0.611117
5688.766113 0.000000 2730.652100 0.000000 0.842872 0.000000 -0.538114 0.573373 0.573373 0.573373
5679.327637 0.000000 2767.058105 0.000000 0.640452 0.000000 -0.767998 0.629908 0.629908 0.629908
5654.463867 0.000000 2735.492676 0.000000 0.932522 0.000000 -0.361114 0.612258 0.612258 0.612258
5650.751953 0.000000 2725.314453 0.000000 0.890242 0.000000 -0.455488 0.618064 0.618064 0.618064
5670.308594 0.000000 2762.647461 0.000000 0.946432 0.000000 -0.322904 0.611353 0.611353 0.611353
5670.622070 0.000000 2745.425781 0.000000 0.614661 0.000000 -0.788791 0.633966 0.633966 0.633966
5670.516602 0.000000 2747.438965 0.000000 0.879956 0.000000 -0.475055 0.607110 0.607110 0.607110
5688.857422 0.000000 2732.658936 0.000000 0.659725 0.000000 -0.751507 0.632481 0.632481 0.632481
5653.444336 0.000000 2721.923096 0.000000 0.806935 0.000000 -0.590640 0.623047 0.623047 0.623047
5670.631836 0.000000 2744.387207 0.000000 0.707594 0.000000 -0.706620 0.629327 0.629327 0.629327
5683.154785 0.000000 2717.626709 0.000000 0.926078 0.000000 -0.377331 0.613591 0.613591 0.613591
5653.702148 0.000000 2723.601562 0.000000 0.788875 0.000000 -0.614553 0.625280 0.625280 0.625280
5703.213379 0.000000 2749.449951 0.000000 0.847583 0.000000 -0.530663 0.407765 0.407765 0.407765
5698.199219 0.000000 2718.362305 0.000000 0.713575 0.000000 -0.700579 0.430929 0.430929 0.430929
5706.347656 0.000000 2751.319580 0.000000 0.845718 0.000000 -0.533630 0.553878 0.553878 0.553878
5697.034668 0.000000 2718.264893 0.000000 0.788237 0.000000 -0.615372 0.621695 0.621695 0.621695
5650.929199 0.000000 2773.208496 0.000000 0.841550 0.000000 -0.540179 0.460560 0.460560 0.460560
5661.055664 0.000000 2773.748047 0.000000 0.857199 0.000000 -0.514985 0.491487 0.491487 0.491487
5655.673828 0.000000 2773.690430 0.000000 0.587912 0.000000 -0.808925 0.484157 0.484157 0.484157
5671.708496 0.000000 2773.729004 0.000000 0.822560 0.000000 -0.568678 0.561905 0.561905 0.561905
5678.421387 0.000000 2767.769287 0.000000 0.714233 0.000000 -0.699909 0.626478 0.626478 0.626478
5664.790527 0.000000 2772.058350 0.000000 0.923376 0.000000 -0.383898 0.613250 0.613250 0.613250
"}
object={
	name="pine_dense_generator_3_4"
	clamp_to_water_level=no
	render_under_water=no
	generated_content=yes
	layer="semidynamic_high"
	pdxmesh="tree_fir_005_mesh"
	count=59
	transform="5654.249023 0.000000 2711.132812 0.000000 0.348108 0.000000 -0.937454 0.508211 0.508211 0.508211
5642.666016 0.000000 2697.127197 0.000000 0.345529 0.000000 -0.938408 0.511167 0.511167 0.511167
5650.747559 0.000000 2707.242920 0.000000 0.210291 0.000000 -0.977639 0.649363 0.649363 0.649363
5702.395508 0.000000 2684.821289 0.000000 0.148700 0.000000 -0.988882 0.419732 0.419732 0.419732
5700.756836 0.000000 2673.558838 0.000000 0.529299 0.000000 -0.848436 0.434583 0.434583 0.434583
5706.704590 0.000000 2677.508057 0.000000 0.137805 0.000000 -0.990459 0.465791 0.465791 0.465791
5713.267090 0.000000 2685.399414 0.000000 0.247644 0.000000 -0.968851 0.487076 0.487076 0.487076
5721.909180 0.000000 2671.851807 0.000000 0.327178 0.000000 -0.944963 0.520296 0.520296 0.520296
5702.382324 0.000000 2691.765625 0.000000 0.559950 0.000000 -0.828527 0.491902 0.491902 0.491902
5715.616211 0.000000 2701.024414 0.000000 0.272127 0.000000 -0.962261 0.539114 0.539114 0.539114
5702.251953 0.000000 2693.906006 0.000000 0.022771 0.000000 -0.999741 0.546461 0.546461 0.546461
5713.052246 0.000000 2697.570068 0.000000 0.556489 0.000000 -0.830855 0.546131 0.546131 0.546131
5710.047363 0.000000 2681.962891 0.000000 0.396618 0.000000 -0.917984 0.550576 0.550576 0.550576
5719.733887 0.000000 2696.666748 0.000000 0.400958 0.000000 -0.916096 0.553368 0.553368 0.553368
5716.037109 0.000000 2694.514404 0.000000 0.032685 0.000000 -0.999466 0.594385 0.594385 0.594385
5712.360840 0.000000 2701.310303 0.000000 0.080051 0.000000 -0.996791 0.652138 0.652138 0.652138
5714.564453 0.000000 2691.857666 0.000000 0.019940 0.000000 -0.999801 0.637340 0.637340 0.637340
5713.055176 0.000000 2701.855469 0.000000 0.108844 0.000000 -0.994059 0.651127 0.651127 0.651127
5716.797852 0.000000 2662.380859 0.000000 0.116701 0.000000 -0.993167 0.650959 0.650959 0.650959
5679.339355 0.000000 2711.496094 0.000000 0.170063 0.000000 -0.985433 0.426096 0.426096 0.426096
5675.095215 0.000000 2725.568604 0.000000 0.168202 0.000000 -0.985753 0.427567 0.427567 0.427567
5672.688965 0.000000 2735.650391 0.000000 0.319482 0.000000 -0.947592 0.455388 0.455388 0.455388
5673.262207 0.000000 2724.587646 0.000000 0.083283 0.000000 -0.996526 0.469664 0.469664 0.469664
5642.416504 0.000000 2742.934082 0.000000 0.320526 0.000000 -0.947240 0.485637 0.485637 0.485637
5646.057129 0.000000 2763.085938 0.000000 0.532113 0.000000 -0.846673 0.464185 0.464185 0.464185
5648.485352 0.000000 2736.362305 0.000000 0.009051 0.000000 -0.999959 0.507959 0.507959 0.507959
5688.379395 0.000000 2725.630859 0.000000 0.393231 0.000000 -0.919440 0.474115 0.474115 0.474115
5689.198730 0.000000 2737.985352 0.000000 0.395866 0.000000 -0.918308 0.489859 0.489859 0.489859
5685.096191 0.000000 2736.318359 0.000000 0.115521 0.000000 -0.993305 0.505808 0.505808 0.505808
5656.470703 0.000000 2733.998047 0.000000 0.040205 0.000000 -0.999191 0.499923 0.499923 0.499923
5656.874512 0.000000 2729.265137 0.000000 0.409689 0.000000 -0.912225 0.529934 0.529934 0.529934
5690.353516 0.000000 2712.380371 0.000000 0.562730 0.000000 -0.826641 0.506031 0.506031 0.506031
5676.898438 0.000000 2767.110840 0.000000 0.230626 0.000000 -0.973042 0.569627 0.569627 0.569627
5663.371094 0.000000 2766.311279 0.000000 0.009223 0.000000 -0.999957 0.581404 0.581404 0.581404
5646.047363 0.000000 2738.447266 0.000000 0.306410 0.000000 -0.951900 0.603012 0.603012 0.603012
5658.672852 0.000000 2749.525391 0.000000 0.070943 0.000000 -0.997480 0.657288 0.657288 0.657288
5683.578125 0.000000 2734.487305 0.000000 0.352466 0.000000 -0.935825 0.554657 0.554657 0.554657
5675.550781 0.000000 2760.957275 0.000000 0.440130 0.000000 -0.897934 0.616397 0.616397 0.616397
5672.188477 0.000000 2748.593018 0.000000 0.137484 0.000000 -0.990504 0.569075 0.569075 0.569075
5673.375000 0.000000 2765.292969 0.000000 0.137433 0.000000 -0.990511 0.587012 0.587012 0.587012
5655.599609 0.000000 2758.136719 0.000000 0.008150 0.000000 -0.999967 0.653369 0.653369 0.653369
5678.329102 0.000000 2765.487793 0.000000 0.340236 0.000000 -0.940340 0.644815 0.644815 0.644815
5671.517090 0.000000 2745.938232 0.000000 0.565052 0.000000 -0.825055 0.636263 0.636263 0.636263
5675.449707 0.000000 2739.533447 0.000000 0.328097 0.000000 -0.944644 0.629003 0.629003 0.629003
5671.420898 0.000000 2742.753662 0.000000 0.562934 0.000000 -0.826502 0.601951 0.601951 0.601951
5691.312012 0.000000 2732.369141 0.000000 0.491197 0.000000 -0.871048 0.632138 0.632138 0.632138
5672.988770 0.000000 2763.957520 0.000000 0.331167 0.000000 -0.943572 0.646276 0.646276 0.646276
5654.491699 0.000000 2759.622314 0.000000 0.308454 0.000000 -0.951239 0.642938 0.642938 0.642938
5649.887207 0.000000 2760.864258 0.000000 0.030560 0.000000 -0.999533 0.657102 0.657102 0.657102
5684.485840 0.000000 2728.773682 0.000000 0.334460 0.000000 -0.942410 0.642460 0.642460 0.642460
5708.499512 0.000000 2750.632812 0.000000 0.106177 0.000000 -0.994347 0.610438 0.610438 0.610438
5696.444336 0.000000 2715.416748 0.000000 0.199680 0.000000 -0.979861 0.645755 0.645755 0.645755
5659.120117 0.000000 2769.683105 0.000000 0.550937 0.000000 -0.834547 0.458141 0.458141 0.458141
5654.014160 0.000000 2773.268555 0.000000 0.327426 0.000000 -0.944877 0.489835 0.489835 0.489835
5668.343262 0.000000 2774.275635 0.000000 0.100894 0.000000 -0.994897 0.651957 0.651957 0.651957
5666.086426 0.000000 2774.632324 0.000000 0.497937 0.000000 -0.867213 0.634117 0.634117 0.634117
5661.493652 0.000000 2775.092285 0.000000 0.470828 0.000000 -0.882225 0.638199 0.638199 0.638199
5669.770020 0.000000 2772.736816 0.000000 0.157722 0.000000 -0.987484 0.647392 0.647392 0.647392
5662.970703 0.000000 2769.561279 0.000000 0.054131 0.000000 -0.998534 0.651230 0.651230 0.651230
"}
