object={
	name="rainforest_generator_3_0"
	clamp_to_water_level=no
	render_under_water=no
	generated_content=yes
	layer="semidynamic_high"
	pdxmesh="tree_rainforest_001_mesh"
	count=8
	transform="4347.211426 0.000000 2401.961914 0.000000 0.434381 0.000000 0.900729 0.191181 0.191181 0.191181
4378.979980 0.000000 2414.176514 0.000000 0.581066 0.000000 0.813856 0.193710 0.193710 0.193710
4395.596680 0.000000 2420.885254 0.000000 0.458721 0.000000 0.888580 0.211762 0.211762 0.211762
4403.318359 0.000000 2405.985107 0.000000 0.341114 0.000000 0.940022 0.209059 0.209059 0.209059
4380.899902 0.000000 2423.892334 0.000000 0.219953 0.000000 0.975511 0.225199 0.225199 0.225199
4381.209473 0.000000 2428.304932 0.000000 0.551250 0.000000 0.834340 0.246049 0.246049 0.246049
4399.731934 0.000000 2419.442627 0.000000 0.337068 0.000000 0.941480 0.276010 0.276010 0.276010
4357.747070 0.000000 2405.314697 0.000000 0.535659 0.000000 0.844435 0.306511 0.306511 0.306511
"}
object={
	name="rainforest_generator_3_1"
	clamp_to_water_level=no
	render_under_water=no
	generated_content=yes
	layer="semidynamic_high"
	pdxmesh="tree_rainforest_002_mesh"
	count=8
	transform="4399.436035 0.000000 2407.065186 0.000000 0.761897 0.000000 0.647698 0.224120 0.224120 0.224120
4362.666016 0.000000 2414.705322 0.000000 0.840472 0.000000 0.541854 0.249816 0.249816 0.249816
4399.816406 0.000000 2418.132080 0.000000 0.734636 0.000000 0.678461 0.293882 0.293882 0.293882
4398.873535 0.000000 2421.445068 0.000000 0.924029 0.000000 0.382322 0.317870 0.317870 0.317870
4356.693359 0.000000 2404.984131 0.000000 0.780719 0.000000 0.624882 0.322142 0.322142 0.322142
4356.470703 0.000000 2407.332764 0.000000 0.799775 0.000000 0.600300 0.298569 0.298569 0.298569
4357.505859 0.000000 2401.814209 0.000000 0.938833 0.000000 0.344372 0.376916 0.376916 0.376916
4357.655273 0.000000 2400.177979 0.000000 0.941425 0.000000 0.337222 0.377416 0.377416 0.377416
"}
object={
	name="rainforest_generator_3_2"
	clamp_to_water_level=no
	render_under_water=no
	generated_content=yes
	layer="semidynamic_high"
	pdxmesh="tree_rainforest_003_mesh"
	count=10
	transform="4348.832520 0.000000 2404.665527 0.000000 0.994550 0.000000 -0.104259 0.200900 0.200900 0.200900
4398.880859 0.000000 2422.879395 0.000000 0.979219 0.000000 0.202805 0.234205 0.234205 0.234205
4399.085449 0.000000 2411.171875 0.000000 0.981672 0.000000 -0.190579 0.227878 0.227878 0.227878
4402.216309 0.000000 2416.888672 0.000000 0.994317 0.000000 0.106464 0.212738 0.212738 0.212738
4401.909180 0.000000 2404.185059 0.000000 0.969462 0.000000 0.245240 0.231364 0.231364 0.231364
4364.970703 0.000000 2419.329590 0.000000 0.982624 0.000000 -0.185608 0.240580 0.240580 0.240580
4355.329590 0.000000 2407.771973 0.000000 0.971238 0.000000 0.238111 0.245323 0.245323 0.245323
4357.854492 0.000000 2407.096924 0.000000 0.997404 0.000000 0.072008 0.319989 0.319989 0.319989
4353.498535 0.000000 2400.320557 0.000000 0.983416 0.000000 0.181365 0.309493 0.309493 0.309493
4353.515137 0.000000 2401.528809 0.000000 0.967896 0.000000 -0.251353 0.324985 0.324985 0.324985
"}
object={
	name="rainforest_generator_3_3"
	clamp_to_water_level=no
	render_under_water=no
	generated_content=yes
	layer="semidynamic_high"
	pdxmesh="tree_rainforest_004_mesh"
	count=8
	transform="4384.330078 0.000000 2426.641113 0.000000 0.901959 0.000000 -0.431822 0.210874 0.210874 0.210874
4402.750488 0.000000 2412.896973 0.000000 0.760133 0.000000 -0.649767 0.250350 0.250350 0.250350
4385.680176 0.000000 2428.171387 0.000000 0.632652 0.000000 -0.774436 0.229721 0.229721 0.229721
4352.126465 0.000000 2418.026611 0.000000 0.899916 0.000000 -0.436063 0.283080 0.283080 0.283080
4361.122070 0.000000 2419.405273 0.000000 0.860344 0.000000 -0.509713 0.331076 0.331076 0.331076
4363.251465 0.000000 2417.274658 0.000000 0.802377 0.000000 -0.596818 0.443428 0.443428 0.443428
4356.713867 0.000000 2401.172363 0.000000 0.759187 0.000000 -0.650872 0.446535 0.446535 0.446535
4359.889648 0.000000 2404.508545 0.000000 0.940491 0.000000 -0.339819 0.422073 0.422073 0.422073
"}
object={
	name="rainforest_generator_3_4"
	clamp_to_water_level=no
	render_under_water=no
	generated_content=yes
	layer="semidynamic_high"
	pdxmesh="tree_rainforest_005_mesh"
	count=10
	transform="4350.994629 0.000000 2419.967529 0.000000 0.520850 0.000000 -0.853648 0.240781 0.240781 0.240781
4349.382324 0.000000 2402.645996 0.000000 0.183574 0.000000 -0.983006 0.258709 0.258709 0.258709
4401.129395 0.000000 2422.749756 0.000000 0.151233 0.000000 -0.988498 0.218370 0.218370 0.218370
4392.388184 0.000000 2422.345459 0.000000 0.208893 0.000000 -0.977939 0.242735 0.242735 0.242735
4398.722168 0.000000 2420.155273 0.000000 0.558930 0.000000 -0.829215 0.373828 0.373828 0.373828
4355.798340 0.000000 2400.949951 0.000000 0.211652 0.000000 -0.977345 0.474560 0.474560 0.474560
4362.690430 0.000000 2418.705566 0.000000 0.339073 0.000000 -0.940760 0.418297 0.418297 0.418297
4359.241211 0.000000 2406.873291 0.000000 0.407721 0.000000 -0.913106 0.383939 0.383939 0.383939
4358.455566 0.000000 2403.418213 0.000000 0.512826 0.000000 -0.858492 0.443990 0.443990 0.443990
4362.463867 0.000000 2416.857422 0.000000 0.200163 0.000000 -0.979763 0.492982 0.492982 0.492982
"}
