object={
	name="rainforest_generator_2_0"
	clamp_to_water_level=no
	render_under_water=no
	generated_content=yes
	layer="semidynamic_medium"
	pdxmesh="tree_rainforest_001_mesh"
	count=9
	transform="5621.860840 0.000000 2646.347656 0.000000 0.261094 0.000000 0.965313 0.221965 0.221965 0.221965
5614.671387 0.000000 2644.735840 0.000000 0.354625 0.000000 0.935009 0.267181 0.267181 0.267181
5625.072754 0.000000 2648.398438 0.000000 0.245959 0.000000 0.969280 0.224106 0.224106 0.224106
5621.449707 0.000000 2648.172852 0.000000 0.034316 0.000000 0.999411 0.262049 0.262049 0.262049
5622.588867 0.000000 2651.464355 0.000000 0.442105 0.000000 0.896963 0.279494 0.279494 0.279494
5633.118652 0.000000 2643.011475 0.000000 0.294475 0.000000 0.955659 0.265085 0.265085 0.265085
5634.026855 0.000000 2646.907471 0.000000 0.106162 0.000000 0.994349 0.234255 0.234255 0.234255
5633.843750 0.000000 2644.660889 0.000000 0.428315 0.000000 0.903630 0.274405 0.274405 0.274405
5639.260254 0.000000 2644.885742 0.000000 0.262997 0.000000 0.964797 0.271743 0.271743 0.271743
"}
object={
	name="rainforest_generator_2_1"
	clamp_to_water_level=no
	render_under_water=no
	generated_content=yes
	layer="semidynamic_medium"
	pdxmesh="tree_rainforest_002_mesh"
	count=6
	transform="5638.507812 0.000000 2650.372314 0.000000 0.827313 0.000000 0.561741 0.208920 0.208920 0.208920
5639.437500 0.000000 2653.324951 0.000000 0.770940 0.000000 0.636908 0.245381 0.245381 0.245381
5637.572266 0.000000 2645.212158 0.000000 0.899152 0.000000 0.437636 0.295009 0.295009 0.295009
5636.166992 0.000000 2647.045898 0.000000 0.944840 0.000000 0.327533 0.281730 0.281730 0.281730
5635.329590 0.000000 2633.709473 0.000000 0.834003 0.000000 0.551760 0.306340 0.306340 0.306340
5641.400879 0.000000 2670.884766 0.000000 0.729116 0.000000 0.684390 0.194731 0.194731 0.194731
"}
object={
	name="rainforest_generator_2_2"
	clamp_to_water_level=no
	render_under_water=no
	generated_content=yes
	layer="semidynamic_medium"
	pdxmesh="tree_rainforest_003_mesh"
	count=2
	transform="5621.005371 0.000000 2650.476562 0.000000 0.999749 0.000000 -0.022420 0.285199 0.285199 0.285199
5641.693359 0.000000 2663.828369 0.000000 0.999998 0.000000 0.002034 0.271100 0.271100 0.271100
"}
object={
	name="rainforest_generator_2_3"
	clamp_to_water_level=no
	render_under_water=no
	generated_content=yes
	layer="semidynamic_medium"
	pdxmesh="tree_rainforest_004_mesh"
	count=8
	transform="5627.000977 0.000000 2636.082275 0.000000 0.699569 0.000000 -0.714565 0.236287 0.236287 0.236287
5613.465820 0.000000 2642.577148 0.000000 0.837981 0.000000 -0.545699 0.288652 0.288652 0.288652
5635.510742 0.000000 2645.209229 0.000000 0.692675 0.000000 -0.721250 0.296928 0.296928 0.296928
5638.057129 0.000000 2643.218994 0.000000 0.646067 0.000000 -0.763281 0.224329 0.224329 0.224329
5634.822754 0.000000 2632.249268 0.000000 0.935620 0.000000 -0.353009 0.343654 0.343654 0.343654
5643.486816 0.000000 2663.325195 0.000000 0.945787 0.000000 -0.324788 0.221496 0.221496 0.221496
5641.084961 0.000000 2665.583496 0.000000 0.695119 0.000000 -0.718895 0.235085 0.235085 0.235085
5643.316406 0.000000 2655.682617 0.000000 0.657607 0.000000 -0.753361 0.337896 0.337896 0.337896
"}
object={
	name="rainforest_generator_2_4"
	clamp_to_water_level=no
	render_under_water=no
	generated_content=yes
	layer="semidynamic_medium"
	pdxmesh="tree_rainforest_005_mesh"
	count=3
	transform="5631.697754 0.000000 2643.005371 0.000000 0.325480 0.000000 -0.945549 0.326918 0.326918 0.326918
5630.994629 0.000000 2645.905029 0.000000 0.025829 0.000000 -0.999666 0.334129 0.334129 0.334129
5633.042969 0.000000 2630.782227 0.000000 0.202103 0.000000 -0.979364 0.266998 0.266998 0.266998
"}
