object={
	name="rainforest_sparse_generator_1_0"
	clamp_to_water_level=no
	render_under_water=no
	generated_content=yes
	layer="semidynamic"
	pdxmesh="tree_rainforest_001_mesh"
	count=2
	transform="4407.107910 0.000000 2417.545166 0.000000 0.235379 0.000000 0.971904 0.203869 0.203869 0.203869
4379.673340 0.000000 2425.117188 0.000000 0.456126 0.000000 0.889915 0.244911 0.244911 0.244911
"}
object={
	name="rainforest_sparse_generator_1_1"
	clamp_to_water_level=no
	render_under_water=no
	generated_content=yes
	layer="semidynamic"
	pdxmesh="tree_rainforest_002_mesh"
	count=5
	transform="4342.381836 0.000000 2401.671387 0.000000 0.916232 0.000000 0.400648 0.239471 0.239471 0.239471
4399.722656 0.000000 2416.663330 0.000000 0.866708 0.000000 0.498817 0.196519 0.196519 0.196519
4403.456055 0.000000 2422.632080 0.000000 0.819199 0.000000 0.573510 0.195730 0.195730 0.195730
4400.647949 0.000000 2412.819580 0.000000 0.900539 0.000000 0.434776 0.231560 0.231560 0.231560
4380.380371 0.000000 2427.194092 0.000000 0.821688 0.000000 0.569938 0.239453 0.239453 0.239453
"}
object={
	name="rainforest_sparse_generator_1_2"
	clamp_to_water_level=no
	render_under_water=no
	generated_content=yes
	layer="semidynamic"
	pdxmesh="tree_rainforest_004_mesh"
	count=6
	transform="4344.742188 0.000000 2402.237549 0.000000 0.990759 0.000000 -0.135636 0.245465 0.245465 0.245465
4363.941895 0.000000 2414.147705 0.000000 0.969089 0.000000 0.246711 0.211697 0.211697 0.211697
4375.836426 0.000000 2422.956543 0.000000 0.999361 0.000000 -0.035738 0.215140 0.215140 0.215140
4366.604980 0.000000 2419.920654 0.000000 0.973247 0.000000 -0.229761 0.241929 0.241929 0.241929
4401.314941 0.000000 2415.041992 0.000000 0.990470 0.000000 0.137732 0.235835 0.235835 0.235835
4365.139648 0.000000 2415.888428 0.000000 0.999245 0.000000 0.038854 0.258061 0.258061 0.258061
"}
object={
	name="rainforest_sparse_generator_1_3"
	clamp_to_water_level=no
	render_under_water=no
	generated_content=yes
	layer="semidynamic"
	pdxmesh="tree_rainforest_005_mesh"
	count=3
	transform="4344.550781 0.000000 2405.202881 0.000000 0.872670 0.000000 -0.488310 0.203864 0.203864 0.203864
4338.584961 0.000000 2400.238037 0.000000 0.853597 0.000000 -0.520933 0.206469 0.206469 0.206469
4381.418457 0.000000 2422.341309 0.000000 0.906152 0.000000 -0.422953 0.265728 0.265728 0.265728
"}
object={
	name="rainforest_sparse_generator_1_4"
	clamp_to_water_level=no
	render_under_water=no
	generated_content=yes
	layer="semidynamic"
	pdxmesh="tree_rainforest_005_mesh"
	count=5
	transform="4349.212891 0.000000 2397.735596 0.000000 0.522720 0.000000 -0.852504 0.206983 0.206983 0.206983
4372.968750 0.000000 2424.468750 0.000000 0.144451 0.000000 -0.989512 0.210297 0.210297 0.210297
4382.953613 0.000000 2428.596191 0.000000 0.571555 0.000000 -0.820564 0.216709 0.216709 0.216709
4373.502930 0.000000 2420.662842 0.000000 0.503414 0.000000 -0.864046 0.217337 0.217337 0.217337
4359.143066 0.000000 2399.728271 0.000000 0.390516 0.000000 -0.920596 0.244294 0.244294 0.244294
"}
