object={
	name="rainforest_sparse_generator_2_0"
	clamp_to_water_level=no
	render_under_water=no
	generated_content=yes
	layer="semidynamic_medium"
	pdxmesh="tree_rainforest_001_mesh"
	count=9
	transform="4351.510742 0.000000 2397.080566 0.000000 0.564778 0.000000 0.825243 0.205314 0.205314 0.205314
4351.163574 0.000000 2405.018311 0.000000 0.463541 0.000000 0.886075 0.212468 0.212468 0.212468
4369.939453 0.000000 2414.139404 0.000000 0.499545 0.000000 0.866288 0.192885 0.192885 0.192885
4405.860840 0.000000 2420.410156 0.000000 0.402228 0.000000 0.915540 0.197231 0.197231 0.197231
4358.395508 0.000000 2402.399414 0.000000 0.361604 0.000000 0.932332 0.197911 0.197911 0.197911
4358.953125 0.000000 2407.954102 0.000000 0.173230 0.000000 0.984881 0.210716 0.210716 0.210716
4378.529785 0.000000 2427.750488 0.000000 0.424701 0.000000 0.905334 0.212587 0.212587 0.212587
4402.478027 0.000000 2414.219482 0.000000 0.220040 0.000000 0.975491 0.253733 0.253733 0.253733
4358.251953 0.000000 2411.484131 0.000000 0.048992 0.000000 0.998799 0.248063 0.248063 0.248063
"}
object={
	name="rainforest_sparse_generator_2_1"
	clamp_to_water_level=no
	render_under_water=no
	generated_content=yes
	layer="semidynamic_medium"
	pdxmesh="tree_rainforest_002_mesh"
	count=12
	transform="4340.316895 0.000000 2401.469727 0.000000 0.912072 0.000000 0.410030 0.230225 0.230225 0.230225
4348.473145 0.000000 2399.327881 0.000000 0.888290 0.000000 0.459283 0.224326 0.224326 0.224326
4343.822754 0.000000 2403.636963 0.000000 0.604476 0.000000 0.796623 0.232882 0.232882 0.232882
4367.130859 0.000000 2411.715576 0.000000 0.896476 0.000000 0.443093 0.197055 0.197055 0.197055
4407.060547 0.000000 2413.943359 0.000000 0.879123 0.000000 0.476595 0.196790 0.196790 0.196790
4360.722168 0.000000 2404.862793 0.000000 0.730344 0.000000 0.683079 0.222241 0.222241 0.222241
4375.416992 0.000000 2420.276611 0.000000 0.686566 0.000000 0.727067 0.219058 0.219058 0.219058
4373.101562 0.000000 2418.794678 0.000000 0.738293 0.000000 0.674480 0.217652 0.217652 0.217652
4377.774414 0.000000 2422.042969 0.000000 0.789236 0.000000 0.614091 0.218369 0.218369 0.218369
4367.354980 0.000000 2418.565918 0.000000 0.743450 0.000000 0.668791 0.231809 0.231809 0.231809
4381.034668 0.000000 2425.827637 0.000000 0.792254 0.000000 0.610192 0.250389 0.250389 0.250389
4359.662109 0.000000 2409.069092 0.000000 0.892389 0.000000 0.451268 0.253259 0.253259 0.253259
"}
object={
	name="rainforest_sparse_generator_2_2"
	clamp_to_water_level=no
	render_under_water=no
	generated_content=yes
	layer="semidynamic_medium"
	pdxmesh="tree_rainforest_004_mesh"
	count=5
	transform="4345.864746 0.000000 2400.935059 0.000000 0.999891 0.000000 0.014787 0.243816 0.243816 0.243816
4385.062500 0.000000 2424.417725 0.000000 0.991864 0.000000 -0.127302 0.203441 0.203441 0.203441
4361.808105 0.000000 2413.510986 0.000000 0.973997 0.000000 -0.226563 0.232163 0.232163 0.232163
4380.161133 0.000000 2420.955811 0.000000 0.977090 0.000000 -0.212828 0.228601 0.228601 0.228601
4360.859375 0.000000 2409.830811 0.000000 0.961450 0.000000 -0.274981 0.255663 0.255663 0.255663
"}
object={
	name="rainforest_sparse_generator_2_3"
	clamp_to_water_level=no
	render_under_water=no
	generated_content=yes
	layer="semidynamic_medium"
	pdxmesh="tree_rainforest_005_mesh"
	count=7
	transform="4350.854492 0.000000 2398.927246 0.000000 0.737756 0.000000 -0.675067 0.239473 0.239473 0.239473
4369.360840 0.000000 2418.504150 0.000000 0.783579 0.000000 -0.621292 0.216812 0.216812 0.216812
4357.141602 0.000000 2397.850098 0.000000 0.949094 0.000000 -0.314993 0.219212 0.219212 0.219212
4371.253418 0.000000 2419.930420 0.000000 0.824030 0.000000 -0.566546 0.228064 0.228064 0.228064
4369.493164 0.000000 2416.316650 0.000000 0.744819 0.000000 -0.667267 0.223839 0.223839 0.223839
4377.618652 0.000000 2424.020996 0.000000 0.819250 0.000000 -0.573436 0.227547 0.227547 0.227547
4360.309570 0.000000 2401.136963 0.000000 0.789512 0.000000 -0.613735 0.242259 0.242259 0.242259
"}
object={
	name="rainforest_sparse_generator_2_4"
	clamp_to_water_level=no
	render_under_water=no
	generated_content=yes
	layer="semidynamic_medium"
	pdxmesh="tree_rainforest_005_mesh"
	count=11
	transform="4342.609375 0.000000 2400.192383 0.000000 0.017147 0.000000 -0.999853 0.260964 0.260964 0.260964
4385.947754 0.000000 2421.817383 0.000000 0.194935 0.000000 -0.980816 0.209300 0.209300 0.209300
4356.755371 0.000000 2400.216309 0.000000 0.468824 0.000000 -0.883292 0.210323 0.210323 0.210323
4352.894531 0.000000 2402.643799 0.000000 0.061738 0.000000 -0.998092 0.214651 0.214651 0.214651
4354.311035 0.000000 2408.954834 0.000000 0.552721 0.000000 -0.833367 0.218099 0.218099 0.218099
4363.263184 0.000000 2408.906006 0.000000 0.466581 0.000000 -0.884479 0.228074 0.228074 0.228074
4401.031738 0.000000 2418.682373 0.000000 0.542447 0.000000 -0.840090 0.248119 0.248119 0.248119
4402.103516 0.000000 2420.676758 0.000000 0.518012 0.000000 -0.855374 0.245341 0.245341 0.245341
4355.099121 0.000000 2399.045410 0.000000 0.234297 0.000000 -0.972165 0.235850 0.235850 0.235850
4365.681641 0.000000 2418.012695 0.000000 0.341049 0.000000 -0.940046 0.257347 0.257347 0.257347
4382.961914 0.000000 2429.789551 0.000000 0.289319 0.000000 -0.957233 0.219152 0.219152 0.219152
"}
