object={
	name="rainforest_sparse_generator_3_0"
	clamp_to_water_level=no
	render_under_water=no
	generated_content=yes
	layer="semidynamic_high"
	pdxmesh="tree_rainforest_001_mesh"
	count=19
	transform="4344.065918 0.000000 2397.706299 0.000000 0.379329 0.000000 0.925262 0.192447 0.192447 0.192447
4341.519043 0.000000 2398.969238 0.000000 0.371879 0.000000 0.928281 0.191713 0.191713 0.191713
4344.096680 0.000000 2399.987793 0.000000 0.066287 0.000000 0.997801 0.195613 0.195613 0.195613
4341.385254 0.000000 2402.950928 0.000000 0.456451 0.000000 0.889749 0.217442 0.217442 0.217442
4350.095703 0.000000 2403.889893 0.000000 0.176758 0.000000 0.984254 0.222938 0.222938 0.222938
4351.974609 0.000000 2403.875244 0.000000 0.032575 0.000000 0.999469 0.221447 0.221447 0.221447
4345.187988 0.000000 2403.829102 0.000000 0.126907 0.000000 0.991915 0.228195 0.228195 0.228195
4351.314453 0.000000 2400.256592 0.000000 0.202563 0.000000 0.979269 0.228065 0.228065 0.228065
4403.213867 0.000000 2418.601074 0.000000 0.181732 0.000000 0.983348 0.190678 0.190678 0.190678
4403.759277 0.000000 2403.708496 0.000000 0.349693 0.000000 0.936864 0.191790 0.191790 0.191790
4354.627930 0.000000 2401.051025 0.000000 0.491644 0.000000 0.870796 0.196955 0.196955 0.196955
4352.144043 0.000000 2400.743896 0.000000 0.267800 0.000000 0.963475 0.206630 0.206630 0.206630
4365.340332 0.000000 2412.570557 0.000000 0.410934 0.000000 0.911665 0.205904 0.205904 0.205904
4360.627441 0.000000 2412.368164 0.000000 0.103471 0.000000 0.994632 0.215905 0.215905 0.215905
4358.595703 0.000000 2398.342773 0.000000 0.368263 0.000000 0.929722 0.221015 0.221015 0.221015
4352.049316 0.000000 2398.041260 0.000000 0.160401 0.000000 0.987052 0.221799 0.221799 0.221799
4400.927734 0.000000 2417.359619 0.000000 0.400021 0.000000 0.916506 0.231303 0.231303 0.231303
4400.896973 0.000000 2419.954346 0.000000 0.024198 0.000000 0.999707 0.221838 0.221838 0.221838
4381.096680 0.000000 2429.224365 0.000000 0.524387 0.000000 0.851480 0.200828 0.200828 0.200828
"}
object={
	name="rainforest_sparse_generator_3_1"
	clamp_to_water_level=no
	render_under_water=no
	generated_content=yes
	layer="semidynamic_high"
	pdxmesh="tree_rainforest_002_mesh"
	count=13
	transform="4339.759277 0.000000 2403.708496 0.000000 0.612576 0.000000 0.790412 0.193810 0.193810 0.193810
4342.683594 0.000000 2402.905518 0.000000 0.830300 0.000000 0.557316 0.236459 0.236459 0.236459
4377.505859 0.000000 2426.115479 0.000000 0.918975 0.000000 0.394316 0.197329 0.197329 0.197329
4373.934570 0.000000 2427.155762 0.000000 0.807736 0.000000 0.589545 0.195671 0.195671 0.195671
4375.348633 0.000000 2425.342285 0.000000 0.622253 0.000000 0.782816 0.198120 0.198120 0.198120
4398.671387 0.000000 2418.798340 0.000000 0.949569 0.000000 0.313559 0.206224 0.206224 0.206224
4355.385254 0.000000 2410.778320 0.000000 0.950798 0.000000 0.309813 0.205164 0.205164 0.205164
4362.234863 0.000000 2419.789551 0.000000 0.701056 0.000000 0.713106 0.202039 0.202039 0.202039
4361.912598 0.000000 2401.445801 0.000000 0.638931 0.000000 0.769264 0.226696 0.226696 0.226696
4376.325195 0.000000 2421.484131 0.000000 0.823694 0.000000 0.567035 0.220487 0.220487 0.220487
4366.365723 0.000000 2415.341064 0.000000 0.941727 0.000000 0.336379 0.242391 0.242391 0.242391
4361.391113 0.000000 2406.907227 0.000000 0.732121 0.000000 0.681174 0.245619 0.245619 0.245619
4378.987305 0.000000 2428.916992 0.000000 0.839425 0.000000 0.543476 0.196127 0.196127 0.196127
"}
object={
	name="rainforest_sparse_generator_3_2"
	clamp_to_water_level=no
	render_under_water=no
	generated_content=yes
	layer="semidynamic_high"
	pdxmesh="tree_rainforest_004_mesh"
	count=8
	transform="4343.777832 0.000000 2401.278809 0.000000 0.999585 0.000000 0.028795 0.243663 0.243663 0.243663
4362.235840 0.000000 2416.028076 0.000000 0.991154 0.000000 -0.132719 0.202914 0.202914 0.202914
4405.633789 0.000000 2409.400879 0.000000 0.955163 0.000000 -0.296081 0.205834 0.205834 0.205834
4376.891602 0.000000 2418.698975 0.000000 0.998938 0.000000 -0.046084 0.215788 0.215788 0.215788
4363.147461 0.000000 2410.509277 0.000000 0.978532 0.000000 0.206093 0.223036 0.223036 0.223036
4378.914551 0.000000 2424.047607 0.000000 0.995328 0.000000 0.096555 0.257342 0.257342 0.257342
4383.826172 0.000000 2423.919678 0.000000 0.995383 0.000000 -0.095978 0.251816 0.251816 0.251816
4378.378418 0.000000 2423.017578 0.000000 0.986981 0.000000 0.160835 0.251029 0.251029 0.251029
"}
object={
	name="rainforest_sparse_generator_3_3"
	clamp_to_water_level=no
	render_under_water=no
	generated_content=yes
	layer="semidynamic_high"
	pdxmesh="tree_rainforest_005_mesh"
	count=11
	transform="4346.637207 0.000000 2399.277344 0.000000 0.596997 0.000000 -0.802244 0.208025 0.208025 0.208025
4377.916992 0.000000 2417.109863 0.000000 0.801895 0.000000 -0.597464 0.204396 0.204396 0.204396
4373.917480 0.000000 2416.605957 0.000000 0.617215 0.000000 -0.786794 0.222302 0.222302 0.222302
4407.893555 0.000000 2415.848633 0.000000 0.707892 0.000000 -0.706321 0.221303 0.221303 0.221303
4363.557617 0.000000 2412.291504 0.000000 0.609584 0.000000 -0.792722 0.227221 0.227221 0.227221
4362.416504 0.000000 2404.027832 0.000000 0.900979 0.000000 -0.433863 0.220869 0.220869 0.220869
4370.634277 0.000000 2417.612305 0.000000 0.805928 0.000000 -0.592014 0.234860 0.234860 0.234860
4402.448730 0.000000 2415.568604 0.000000 0.896250 0.000000 -0.443550 0.278959 0.278959 0.278959
4365.130371 0.000000 2414.520020 0.000000 0.711246 0.000000 -0.702943 0.268229 0.268229 0.268229
4360.396484 0.000000 2411.124512 0.000000 0.605384 0.000000 -0.795934 0.277984 0.277984 0.277984
4360.099121 0.000000 2407.733398 0.000000 0.719724 0.000000 -0.694260 0.263841 0.263841 0.263841
"}
object={
	name="rainforest_sparse_generator_3_4"
	clamp_to_water_level=no
	render_under_water=no
	generated_content=yes
	layer="semidynamic_high"
	pdxmesh="tree_rainforest_005_mesh"
	count=16
	transform="4347.914062 0.000000 2400.666504 0.000000 0.145913 0.000000 -0.989297 0.245533 0.245533 0.245533
4350.499512 0.000000 2401.732422 0.000000 0.560534 0.000000 -0.828131 0.253417 0.253417 0.253417
4348.871582 0.000000 2401.538574 0.000000 0.540550 0.000000 -0.841312 0.263542 0.263542 0.263542
4353.118652 0.000000 2417.073975 0.000000 0.299066 0.000000 -0.954232 0.214122 0.214122 0.214122
4353.042969 0.000000 2404.844727 0.000000 0.056948 0.000000 -0.998377 0.219094 0.219094 0.219094
4401.424316 0.000000 2410.760254 0.000000 0.440125 0.000000 -0.897936 0.212999 0.212999 0.212999
4354.069824 0.000000 2397.165527 0.000000 0.243966 0.000000 -0.969784 0.220762 0.220762 0.220762
4360.953125 0.000000 2398.274414 0.000000 0.217985 0.000000 -0.975952 0.227221 0.227221 0.227221
4352.043457 0.000000 2396.594727 0.000000 0.053346 0.000000 -0.998576 0.229875 0.229875 0.229875
4403.824219 0.000000 2416.678223 0.000000 0.245575 0.000000 -0.969377 0.236372 0.236372 0.236372
4358.562500 0.000000 2415.765869 0.000000 0.480135 0.000000 -0.877195 0.239615 0.239615 0.239615
4358.164062 0.000000 2400.913574 0.000000 0.307010 0.000000 -0.951706 0.242041 0.242041 0.242041
4400.316895 0.000000 2414.075195 0.000000 0.362905 0.000000 -0.931826 0.249581 0.249581 0.249581
4378.372559 0.000000 2425.200439 0.000000 0.285698 0.000000 -0.958320 0.274461 0.274461 0.274461
4364.862793 0.000000 2417.006104 0.000000 0.057670 0.000000 -0.998336 0.275396 0.275396 0.275396
4364.104980 0.000000 2415.242432 0.000000 0.232959 0.000000 -0.972487 0.275140 0.275140 0.275140
"}
