object={
	name="savanna_tree_generator_1_0"
	clamp_to_water_level=no
	render_under_water=no
	generated_content=yes
	layer="semidynamic"
	pdxmesh="tree_savanna_001_mesh"
	count=82
	transform="4344.065918 0.000000 2397.706299 0.000000 0.379329 0.000000 0.925262 0.199068 0.199068 0.199068
4350.270020 0.000000 2376.775146 0.000000 0.568266 0.000000 0.822845 0.326995 0.326995 0.326995
4344.473633 0.000000 2380.474609 0.000000 0.581186 0.000000 0.813771 0.227447 0.227447 0.227447
4349.251953 0.000000 2379.158203 0.000000 0.698458 0.000000 0.715651 0.334222 0.334222 0.334222
4342.302246 0.000000 2386.631104 0.000000 0.038301 0.000000 0.999266 0.282927 0.282927 0.282927
4351.586426 0.000000 2482.262695 0.000000 0.571044 0.000000 0.820919 0.209048 0.209048 0.209048
4348.034180 0.000000 2476.651367 0.000000 0.701262 0.000000 0.712904 0.272062 0.272062 0.272062
4372.968750 0.000000 2367.984375 0.000000 0.702836 0.000000 0.711352 0.193875 0.193875 0.193875
4373.934570 0.000000 2370.671387 0.000000 0.291016 0.000000 0.956718 0.221701 0.221701 0.221701
4440.641113 0.000000 2371.583984 0.000000 0.227206 0.000000 0.973847 0.253503 0.253503 0.253503
4436.141113 0.000000 2369.791260 0.000000 0.611939 0.000000 0.790905 0.268513 0.268513 0.268513
4373.705078 0.000000 2399.211426 0.000000 0.520251 0.000000 0.854013 0.193228 0.193228 0.193228
4380.793945 0.000000 2375.185547 0.000000 0.512736 0.000000 0.858546 0.198971 0.198971 0.198971
4354.396484 0.000000 2374.205811 0.000000 0.001218 0.000000 0.999999 0.193716 0.193716 0.193716
4413.248047 0.000000 2418.345703 0.000000 0.070094 0.000000 0.997540 0.186700 0.186700 0.186700
4387.765137 0.000000 2398.190918 0.000000 0.504580 0.000000 0.863365 0.191286 0.191286 0.191286
4397.434082 0.000000 2402.072998 0.000000 0.495120 0.000000 0.868825 0.190932 0.190932 0.190932
4358.330566 0.000000 2384.440674 0.000000 0.438433 0.000000 0.898764 0.227077 0.227077 0.227077
4405.994141 0.000000 2393.629883 0.000000 0.249473 0.000000 0.968382 0.228970 0.228970 0.228970
4390.889160 0.000000 2395.783447 0.000000 0.382666 0.000000 0.923887 0.223424 0.223424 0.223424
4365.506836 0.000000 2408.158203 0.000000 0.426710 0.000000 0.904389 0.193329 0.193329 0.193329
4410.385254 0.000000 2374.935791 0.000000 0.635415 0.000000 0.772170 0.222225 0.222225 0.222225
4405.860840 0.000000 2420.410156 0.000000 0.402228 0.000000 0.915540 0.233886 0.233886 0.233886
4390.337891 0.000000 2386.079834 0.000000 0.082480 0.000000 0.996593 0.215612 0.215612 0.215612
4388.029297 0.000000 2390.896484 0.000000 0.350557 0.000000 0.936541 0.232738 0.232738 0.232738
4360.614258 0.000000 2385.872559 0.000000 0.525275 0.000000 0.850932 0.237615 0.237615 0.237615
4411.000977 0.000000 2410.144775 0.000000 0.436994 0.000000 0.899465 0.224477 0.224477 0.224477
4384.544434 0.000000 2419.675293 0.000000 0.409971 0.000000 0.912099 0.246374 0.246374 0.246374
4393.128906 0.000000 2393.209473 0.000000 0.043178 0.000000 0.999067 0.250110 0.250110 0.250110
4413.251953 0.000000 2379.158203 0.000000 0.284335 0.000000 0.958725 0.236851 0.236851 0.236851
4407.044922 0.000000 2411.432129 0.000000 0.101327 0.000000 0.994853 0.304978 0.304978 0.304978
4384.607910 0.000000 2411.434326 0.000000 0.424196 0.000000 0.905571 0.254011 0.254011 0.254011
4386.508301 0.000000 2418.909424 0.000000 0.039002 0.000000 0.999239 0.256519 0.256519 0.256519
4399.882812 0.000000 2377.367432 0.000000 0.032449 0.000000 0.999473 0.282479 0.282479 0.282479
4423.671387 0.000000 2397.200195 0.000000 0.357159 0.000000 0.934044 0.205824 0.205824 0.205824
4463.722656 0.000000 2416.663330 0.000000 0.692607 0.000000 0.721315 0.192960 0.192960 0.192960
4425.400879 0.000000 2388.462891 0.000000 0.473167 0.000000 0.880973 0.191792 0.191792 0.191792
4448.032227 0.000000 2409.281738 0.000000 0.315018 0.000000 0.949086 0.228718 0.228718 0.228718
4458.009766 0.000000 2427.280518 0.000000 0.156414 0.000000 0.987692 0.218466 0.218466 0.218466
4450.932617 0.000000 2426.420654 0.000000 0.149429 0.000000 0.988772 0.204615 0.204615 0.204615
4446.060547 0.000000 2420.498535 0.000000 0.107898 0.000000 0.994162 0.236493 0.236493 0.236493
4453.098633 0.000000 2415.214844 0.000000 0.275754 0.000000 0.961228 0.203827 0.203827 0.203827
4419.837402 0.000000 2395.905762 0.000000 0.199709 0.000000 0.979855 0.202802 0.202802 0.202802
4464.023926 0.000000 2424.878662 0.000000 0.088767 0.000000 0.996052 0.194724 0.194724 0.194724
4457.322754 0.000000 2420.619385 0.000000 0.650502 0.000000 0.759505 0.231756 0.231756 0.231756
4460.376953 0.000000 2418.611328 0.000000 0.413854 0.000000 0.910343 0.216281 0.216281 0.216281
4445.530273 0.000000 2399.636230 0.000000 0.300115 0.000000 0.953903 0.206737 0.206737 0.206737
4445.392090 0.000000 2417.017090 0.000000 0.454940 0.000000 0.890522 0.244294 0.244294 0.244294
4418.356934 0.000000 2377.241943 0.000000 0.072534 0.000000 0.997366 0.214664 0.214664 0.214664
4417.451660 0.000000 2381.736084 0.000000 0.547833 0.000000 0.836588 0.252778 0.252778 0.252778
4459.601562 0.000000 2425.243896 0.000000 0.510862 0.000000 0.859663 0.232078 0.232078 0.232078
4353.451172 0.000000 2441.003662 0.000000 0.073103 0.000000 0.997324 0.190279 0.190279 0.190279
4373.705078 0.000000 2455.695801 0.000000 0.242358 0.000000 0.970187 0.201671 0.201671 0.201671
4378.074219 0.000000 2459.344482 0.000000 0.308616 0.000000 0.951187 0.188545 0.188545 0.188545
4415.586426 0.000000 2482.262695 0.000000 0.513067 0.000000 0.858349 0.235593 0.235593 0.235593
4371.771973 0.000000 2451.453613 0.000000 0.267270 0.000000 0.963622 0.193321 0.193321 0.193321
4375.293457 0.000000 2452.392822 0.000000 0.567237 0.000000 0.823554 0.249943 0.249943 0.249943
4410.462402 0.000000 2445.898193 0.000000 0.187039 0.000000 0.982352 0.205138 0.205138 0.205138
4400.746582 0.000000 2432.065674 0.000000 0.641775 0.000000 0.766893 0.307125 0.307125 0.307125
4415.697754 0.000000 2473.552246 0.000000 0.168378 0.000000 0.985722 0.292925 0.292925 0.292925
4401.129395 0.000000 2479.234131 0.000000 0.041501 0.000000 0.999138 0.256602 0.256602 0.256602
4415.273438 0.000000 2440.219238 0.000000 0.144819 0.000000 0.989458 0.291102 0.291102 0.291102
4409.072754 0.000000 2478.945312 0.000000 0.689336 0.000000 0.724441 0.338103 0.338103 0.338103
4394.678223 0.000000 2467.003174 0.000000 0.397514 0.000000 0.917596 0.253221 0.253221 0.253221
4412.034180 0.000000 2476.651367 0.000000 0.087357 0.000000 0.996177 0.286682 0.286682 0.286682
4381.739258 0.000000 2450.291260 0.000000 0.421664 0.000000 0.906752 0.299662 0.299662 0.299662
4377.598145 0.000000 2452.459717 0.000000 0.601280 0.000000 0.799039 0.283928 0.283928 0.283928
4412.271484 0.000000 2437.341553 0.000000 0.184308 0.000000 0.982869 0.294161 0.294161 0.294161
4409.007324 0.000000 2474.488770 0.000000 0.476712 0.000000 0.879059 0.317961 0.317961 0.317961
4409.360352 0.000000 2440.084717 0.000000 0.238939 0.000000 0.971035 0.298432 0.298432 0.298432
4471.638184 0.000000 2444.571533 0.000000 0.060169 0.000000 0.998188 0.204189 0.204189 0.204189
4461.943359 0.000000 2431.183105 0.000000 0.070949 0.000000 0.997480 0.187457 0.187457 0.187457
4438.937012 0.000000 2443.255371 0.000000 0.335285 0.000000 0.942117 0.188955 0.188955 0.188955
4435.771973 0.000000 2451.453613 0.000000 0.147102 0.000000 0.989121 0.188570 0.188570 0.188570
4469.994141 0.000000 2450.114258 0.000000 0.644146 0.000000 0.764903 0.194093 0.194093 0.194093
4417.884766 0.000000 2479.880615 0.000000 0.007132 0.000000 0.999975 0.286010 0.286010 0.286010
4454.686523 0.000000 2429.133789 0.000000 0.535977 0.000000 0.844233 0.230894 0.230894 0.230894
4445.530273 0.000000 2456.120605 0.000000 0.682724 0.000000 0.730677 0.211909 0.211909 0.211909
4446.952637 0.000000 2448.340332 0.000000 0.135113 0.000000 0.990830 0.217302 0.217302 0.217302
4438.077637 0.000000 2446.002686 0.000000 0.105494 0.000000 0.994420 0.234240 0.234240 0.234240
4444.928223 0.000000 2446.708252 0.000000 0.263586 0.000000 0.964636 0.237149 0.237149 0.237149
4349.512207 0.000000 2485.338623 0.000000 0.093674 0.000000 0.995603 0.188016 0.188016 0.188016
"}
object={
	name="savanna_tree_generator_1_1"
	clamp_to_water_level=no
	render_under_water=no
	generated_content=yes
	layer="semidynamic"
	pdxmesh="tree_savanna_002_mesh"
	count=64
	transform="4333.516602 0.000000 2387.077148 0.000000 0.908235 0.000000 0.418460 0.195904 0.195904 0.195904
4343.819336 0.000000 2391.174561 0.000000 0.810081 0.000000 0.586318 0.348097 0.348097 0.348097
4332.194824 0.000000 2384.421143 0.000000 0.710910 0.000000 0.703283 0.219126 0.219126 0.219126
4349.032715 0.000000 2394.531738 0.000000 0.765960 0.000000 0.642888 0.220351 0.220351 0.220351
4348.271484 0.000000 2380.857178 0.000000 0.814043 0.000000 0.580805 0.351952 0.351952 0.351952
4338.516602 0.000000 2388.375244 0.000000 0.940333 0.000000 0.340255 0.314704 0.314704 0.314704
4349.212891 0.000000 2454.219971 0.000000 0.977104 0.000000 0.212764 0.198073 0.198073 0.198073
4351.814453 0.000000 2447.272705 0.000000 0.860683 0.000000 0.509141 0.253594 0.253594 0.253594
4370.579102 0.000000 2371.048340 0.000000 0.940368 0.000000 0.340159 0.210932 0.210932 0.210932
4439.348633 0.000000 2368.857910 0.000000 0.999236 0.000000 0.039078 0.272442 0.272442 0.272442
4408.065918 0.000000 2397.706299 0.000000 0.733500 0.000000 0.679690 0.195328 0.195328 0.195328
4367.130859 0.000000 2411.715576 0.000000 0.896476 0.000000 0.443093 0.206486 0.206486 0.206486
4415.487305 0.000000 2402.571533 0.000000 0.910915 0.000000 0.412593 0.196708 0.196708 0.196708
4413.512207 0.000000 2372.369873 0.000000 0.822491 0.000000 0.568778 0.220758 0.220758 0.220758
4406.816895 0.000000 2373.594482 0.000000 0.915082 0.000000 0.403267 0.205951 0.205951 0.205951
4413.292480 0.000000 2384.902832 0.000000 0.964709 0.000000 0.263318 0.216175 0.216175 0.216175
4375.491699 0.000000 2372.975342 0.000000 0.778825 0.000000 0.627242 0.259769 0.259769 0.259769
4382.060547 0.000000 2420.498535 0.000000 0.937449 0.000000 0.348122 0.213978 0.213978 0.213978
4363.941895 0.000000 2414.147705 0.000000 0.969089 0.000000 0.246711 0.244095 0.244095 0.244095
4407.060547 0.000000 2413.943359 0.000000 0.879123 0.000000 0.476595 0.283855 0.283855 0.283855
4407.062500 0.000000 2423.361328 0.000000 0.859911 0.000000 0.510444 0.283614 0.283614 0.283614
4363.486816 0.000000 2380.903320 0.000000 0.991271 0.000000 0.131843 0.243009 0.243009 0.243009
4354.356934 0.000000 2377.241943 0.000000 0.732722 0.000000 0.680529 0.332846 0.332846 0.332846
4372.994629 0.000000 2374.896484 0.000000 0.992944 0.000000 0.118584 0.249800 0.249800 0.249800
4396.352051 0.000000 2389.604736 0.000000 0.836552 0.000000 0.547887 0.253542 0.253542 0.253542
4377.283691 0.000000 2393.961426 0.000000 0.996647 0.000000 0.081826 0.254917 0.254917 0.254917
4408.639160 0.000000 2377.316162 0.000000 0.708967 0.000000 0.705241 0.245277 0.245277 0.245277
4398.693848 0.000000 2404.402344 0.000000 0.994143 0.000000 0.108073 0.294736 0.294736 0.294736
4366.401855 0.000000 2414.039551 0.000000 0.797466 0.000000 0.603363 0.249148 0.249148 0.249148
4358.070312 0.000000 2379.383789 0.000000 0.850802 0.000000 0.525487 0.255118 0.255118 0.255118
4399.645996 0.000000 2380.041748 0.000000 0.852146 0.000000 0.523304 0.357928 0.357928 0.357928
4409.190430 0.000000 2414.450684 0.000000 0.999559 0.000000 0.029698 0.365967 0.365967 0.365967
4365.139648 0.000000 2415.888428 0.000000 0.999245 0.000000 0.038854 0.333413 0.333413 0.333413
4402.317871 0.000000 2376.796875 0.000000 0.885735 0.000000 0.464192 0.361017 0.361017 0.361017
4405.177734 0.000000 2382.864258 0.000000 0.770050 0.000000 0.637984 0.287811 0.287811 0.287811
4397.587891 0.000000 2380.115967 0.000000 0.952522 0.000000 0.304470 0.377910 0.377910 0.377910
4409.007324 0.000000 2418.004395 0.000000 0.785024 0.000000 0.619465 0.355135 0.355135 0.355135
4402.425293 0.000000 2374.498047 0.000000 0.738754 0.000000 0.673975 0.297605 0.297605 0.297605
4444.793945 0.000000 2375.185547 0.000000 0.940677 0.000000 0.339302 0.197407 0.197407 0.197407
4418.396484 0.000000 2374.205811 0.000000 0.967650 0.000000 0.252297 0.205617 0.205617 0.205617
4446.236816 0.000000 2424.873535 0.000000 0.971115 0.000000 0.238613 0.197865 0.197865 0.197865
4449.947754 0.000000 2421.817383 0.000000 0.999786 0.000000 0.020698 0.270658 0.270658 0.270658
4442.987305 0.000000 2372.432617 0.000000 0.997733 0.000000 0.067292 0.229803 0.229803 0.229803
4461.386719 0.000000 2427.050781 0.000000 0.978161 0.000000 0.207848 0.225525 0.225525 0.225525
4441.681152 0.000000 2406.121338 0.000000 0.971329 0.000000 0.237738 0.228284 0.228284 0.228284
4449.099609 0.000000 2406.293457 0.000000 0.770676 0.000000 0.637227 0.236823 0.236823 0.236823
4418.822754 0.000000 2406.311768 0.000000 0.999976 0.000000 0.006920 0.254204 0.254204 0.254204
4356.458496 0.000000 2483.294189 0.000000 0.947881 0.000000 0.318624 0.197774 0.197774 0.197774
4358.215332 0.000000 2477.765869 0.000000 0.941064 0.000000 0.338229 0.196942 0.196942 0.196942
4374.077637 0.000000 2446.002686 0.000000 0.924350 0.000000 0.381546 0.257806 0.257806 0.257806
4399.645996 0.000000 2436.526123 0.000000 0.943942 0.000000 0.330111 0.323163 0.323163 0.323163
4380.979980 0.000000 2444.107178 0.000000 0.948082 0.000000 0.318026 0.304478 0.304478 0.304478
4413.282227 0.000000 2472.783447 0.000000 0.858717 0.000000 0.512451 0.358897 0.358897 0.358897
4405.177734 0.000000 2439.348633 0.000000 0.979964 0.000000 0.199174 0.384682 0.384682 0.384682
4405.449707 0.000000 2478.719727 0.000000 0.995621 0.000000 0.093478 0.321361 0.321361 0.321361
4417.451172 0.000000 2441.003662 0.000000 0.953194 0.000000 0.302360 0.378681 0.378681 0.378681
4446.530273 0.000000 2452.288086 0.000000 0.996386 0.000000 0.084935 0.238351 0.238351 0.238351
4422.215332 0.000000 2477.765869 0.000000 0.990011 0.000000 0.140991 0.198835 0.198835 0.198835
4442.074219 0.000000 2459.344482 0.000000 0.785395 0.000000 0.618994 0.194127 0.194127 0.194127
4466.842773 0.000000 2446.697998 0.000000 0.954051 0.000000 0.299644 0.214628 0.214628 0.214628
4471.819336 0.000000 2447.658936 0.000000 0.726182 0.000000 0.687502 0.214661 0.214661 0.214661
4443.635742 0.000000 2451.878418 0.000000 0.915833 0.000000 0.401558 0.311139 0.311139 0.311139
4417.654297 0.000000 2443.186279 0.000000 0.808720 0.000000 0.588193 0.281646 0.281646 0.281646
4417.726074 0.000000 2471.732666 0.000000 0.997078 0.000000 0.076387 0.394159 0.394159 0.394159
"}
object={
	name="savanna_tree_generator_1_2"
	clamp_to_water_level=no
	render_under_water=no
	generated_content=yes
	layer="semidynamic"
	pdxmesh="tree_savanna_003_mesh"
	count=82
	transform="4349.292480 0.000000 2384.902832 0.000000 0.982758 0.000000 -0.184896 0.201625 0.201625 0.201625
4341.566895 0.000000 2384.805908 0.000000 0.980536 0.000000 -0.196338 0.415097 0.415097 0.415097
4335.447754 0.000000 2385.029541 0.000000 0.999087 0.000000 -0.042714 0.402805 0.402805 0.402805
4341.428223 0.000000 2390.185059 0.000000 0.909970 0.000000 -0.414674 0.257928 0.257928 0.257928
4337.687988 0.000000 2381.296387 0.000000 0.950434 0.000000 -0.310927 0.285877 0.285877 0.285877
4343.794922 0.000000 2385.349854 0.000000 0.731689 0.000000 -0.681639 0.457296 0.457296 0.457296
4349.252441 0.000000 2382.770020 0.000000 0.958416 0.000000 -0.285374 0.309284 0.309284 0.309284
4341.177734 0.000000 2382.864258 0.000000 0.984235 0.000000 -0.176865 0.385055 0.385055 0.385055
4349.125000 0.000000 2481.307373 0.000000 0.757427 0.000000 -0.652920 0.281464 0.281464 0.281464
4350.994629 0.000000 2476.451904 0.000000 0.931486 0.000000 -0.363777 0.321748 0.321748 0.321748
4377.505859 0.000000 2369.631104 0.000000 0.971303 0.000000 -0.237846 0.225041 0.225041 0.225041
4432.382324 0.000000 2371.675781 0.000000 0.967913 0.000000 -0.251285 0.272416 0.272416 0.272416
4400.205566 0.000000 2428.802490 0.000000 0.839871 0.000000 -0.542786 0.203939 0.203939 0.203939
4400.541992 0.000000 2394.928955 0.000000 0.814539 0.000000 -0.580108 0.223847 0.223847 0.223847
4396.083496 0.000000 2392.404785 0.000000 0.827063 0.000000 -0.562109 0.273806 0.273806 0.273806
4370.283691 0.000000 2373.476562 0.000000 0.994134 0.000000 -0.108153 0.234724 0.234724 0.234724
4363.929688 0.000000 2384.349609 0.000000 0.995841 0.000000 -0.091111 0.257295 0.257295 0.257295
4387.991211 0.000000 2388.070312 0.000000 0.854702 0.000000 -0.519119 0.216816 0.216816 0.216816
4386.015137 0.000000 2392.839355 0.000000 0.709732 0.000000 -0.704471 0.224572 0.224572 0.224572
4414.270020 0.000000 2376.775146 0.000000 0.822377 0.000000 -0.568943 0.277810 0.277810 0.277810
4388.620605 0.000000 2419.052246 0.000000 0.977841 0.000000 -0.209351 0.211868 0.211868 0.211868
4357.464844 0.000000 2377.125732 0.000000 0.717582 0.000000 -0.696474 0.263093 0.263093 0.263093
4394.288574 0.000000 2395.491455 0.000000 0.813430 0.000000 -0.581663 0.259036 0.259036 0.259036
4378.987305 0.000000 2372.432617 0.000000 0.968370 0.000000 -0.249520 0.241648 0.241648 0.241648
4377.661133 0.000000 2375.409912 0.000000 0.879196 0.000000 -0.476460 0.275409 0.275409 0.275409
4388.759766 0.000000 2393.719971 0.000000 0.897064 0.000000 -0.441900 0.260959 0.260959 0.260959
4368.186523 0.000000 2391.495117 0.000000 0.990620 0.000000 -0.136642 0.252446 0.252446 0.252446
4390.385742 0.000000 2389.188721 0.000000 0.945058 0.000000 -0.326902 0.279039 0.279039 0.279039
4366.686523 0.000000 2386.935303 0.000000 0.988283 0.000000 -0.152634 0.268975 0.268975 0.268975
4358.363770 0.000000 2381.856445 0.000000 0.999713 0.000000 -0.023953 0.401830 0.401830 0.401830
4399.085449 0.000000 2411.171875 0.000000 0.981672 0.000000 -0.190579 0.286248 0.286248 0.286248
4354.199219 0.000000 2379.456055 0.000000 0.987367 0.000000 -0.158448 0.411083 0.411083 0.411083
4409.129395 0.000000 2411.162354 0.000000 0.892271 0.000000 -0.451501 0.411393 0.411393 0.411393
4356.035156 0.000000 2378.563477 0.000000 0.918979 0.000000 -0.394306 0.361816 0.361816 0.361816
4402.709961 0.000000 2386.433594 0.000000 0.711842 0.000000 -0.702340 0.458709 0.458709 0.458709
4402.516602 0.000000 2388.375244 0.000000 0.916235 0.000000 -0.400642 0.321838 0.321838 0.321838
4407.893555 0.000000 2415.848633 0.000000 0.707892 0.000000 -0.706321 0.350689 0.350689 0.350689
4356.483887 0.000000 2402.092529 0.000000 0.996935 0.000000 -0.078236 0.319892 0.319892 0.319892
4400.943848 0.000000 2383.932129 0.000000 0.992977 0.000000 -0.118308 0.409059 0.409059 0.409059
4464.205566 0.000000 2428.802490 0.000000 0.976481 0.000000 -0.215601 0.201872 0.201872 0.201872
4424.407715 0.000000 2380.156006 0.000000 0.800554 0.000000 -0.599261 0.204652 0.204652 0.204652
4467.456055 0.000000 2422.632080 0.000000 0.868447 0.000000 -0.495782 0.204079 0.204079 0.204079
4441.621582 0.000000 2420.218506 0.000000 0.850538 0.000000 -0.525913 0.204424 0.204424 0.204424
4441.237793 0.000000 2378.502686 0.000000 0.984523 0.000000 -0.175258 0.213790 0.213790 0.213790
4447.334473 0.000000 2413.329102 0.000000 0.979736 0.000000 -0.200291 0.293573 0.293573 0.293573
4463.868652 0.000000 2420.754639 0.000000 0.937319 0.000000 -0.348472 0.239740 0.239740 0.239740
4450.735840 0.000000 2411.996826 0.000000 0.999526 0.000000 -0.030775 0.212119 0.212119 0.212119
4449.910645 0.000000 2414.666504 0.000000 0.832534 0.000000 -0.553975 0.286337 0.286337 0.286337
4419.913086 0.000000 2383.280273 0.000000 0.822462 0.000000 -0.568819 0.266348 0.266348 0.266348
4448.544434 0.000000 2419.675293 0.000000 0.996821 0.000000 -0.079669 0.283318 0.283318 0.283318
4418.575684 0.000000 2413.470703 0.000000 0.738022 0.000000 -0.674777 0.308588 0.308588 0.308588
4451.522949 0.000000 2416.989746 0.000000 0.970386 0.000000 -0.241558 0.275743 0.275743 0.275743
4419.385254 0.000000 2410.778320 0.000000 0.991047 0.000000 -0.133511 0.300964 0.300964 0.300964
4413.512207 0.000000 2428.854248 0.000000 0.791440 0.000000 -0.611247 0.205090 0.205090 0.205090
4404.365234 0.000000 2468.094482 0.000000 0.999043 0.000000 -0.043740 0.403343 0.403343 0.403343
4396.062988 0.000000 2437.817139 0.000000 0.963639 0.000000 -0.267206 0.221918 0.221918 0.221918
4387.765137 0.000000 2454.675293 0.000000 0.832500 0.000000 -0.554025 0.204911 0.204911 0.204911
4386.015137 0.000000 2449.323730 0.000000 0.744508 0.000000 -0.667614 0.222695 0.222695 0.222695
4381.530273 0.000000 2456.120605 0.000000 0.717021 0.000000 -0.697052 0.238510 0.238510 0.238510
4410.305176 0.000000 2472.809570 0.000000 0.720716 0.000000 -0.693231 0.458515 0.458515 0.458515
4395.659668 0.000000 2465.007812 0.000000 0.990097 0.000000 -0.140384 0.327965 0.327965 0.327965
4385.641602 0.000000 2446.906738 0.000000 0.977030 0.000000 -0.213102 0.275059 0.275059 0.275059
4412.008301 0.000000 2471.105225 0.000000 0.843967 0.000000 -0.536395 0.443251 0.443251 0.443251
4401.687988 0.000000 2437.780762 0.000000 0.718643 0.000000 -0.695379 0.451640 0.451640 0.451640
4403.914062 0.000000 2434.616455 0.000000 0.995283 0.000000 -0.097011 0.407326 0.407326 0.407326
4375.105957 0.000000 2450.064697 0.000000 0.761266 0.000000 -0.648440 0.301003 0.301003 0.301003
4402.103516 0.000000 2477.161133 0.000000 0.932086 0.000000 -0.362238 0.386722 0.386722 0.386722
4413.252441 0.000000 2439.254395 0.000000 0.999992 0.000000 -0.004118 0.400315 0.400315 0.400315
4405.007812 0.000000 2469.978516 0.000000 0.736691 0.000000 -0.676229 0.456733 0.456733 0.456733
4407.432129 0.000000 2477.911865 0.000000 0.948112 0.000000 -0.317935 0.424717 0.424717 0.424717
4407.893555 0.000000 2472.333008 0.000000 0.950106 0.000000 -0.311927 0.421145 0.421145 0.421145
4437.705078 0.000000 2455.695801 0.000000 0.905360 0.000000 -0.424644 0.214399 0.214399 0.214399
4447.758301 0.000000 2458.987793 0.000000 0.831667 0.000000 -0.555275 0.204115 0.204115 0.204115
4439.890625 0.000000 2447.885742 0.000000 0.947249 0.000000 -0.320498 0.275258 0.275258 0.275258
4435.007324 0.000000 2446.906494 0.000000 0.803664 0.000000 -0.595083 0.205649 0.205649 0.205649
4443.131348 0.000000 2444.949219 0.000000 0.983308 0.000000 -0.181948 0.248657 0.248657 0.248657
4417.451660 0.000000 2438.220459 0.000000 0.999510 0.000000 -0.031309 0.402392 0.402392 0.402392
4437.235840 0.000000 2448.689209 0.000000 0.729869 0.000000 -0.683587 0.273199 0.273199 0.273199
4419.913086 0.000000 2439.764648 0.000000 0.858100 0.000000 -0.513483 0.441195 0.441195 0.441195
4444.838379 0.000000 2453.895508 0.000000 0.988455 0.000000 -0.151517 0.289864 0.289864 0.289864
4439.105957 0.000000 2450.064697 0.000000 0.980904 0.000000 -0.194492 0.322915 0.322915 0.322915
4445.739258 0.000000 2450.291260 0.000000 0.855872 0.000000 -0.517188 0.310773 0.310773 0.310773
"}
object={
	name="savanna_tree_generator_1_3"
	clamp_to_water_level=no
	render_under_water=no
	generated_content=yes
	layer="semidynamic"
	pdxmesh="tree_savanna_004_mesh"
	count=85
	transform="4346.504395 0.000000 2396.102539 0.000000 0.028566 0.000000 -0.999592 0.261219 0.261219 0.261219
4351.273438 0.000000 2383.734863 0.000000 0.143776 0.000000 -0.989610 0.327694 0.327694 0.327694
4336.943848 0.000000 2383.932129 0.000000 0.419873 0.000000 -0.907583 0.486898 0.486898 0.486898
4344.346680 0.000000 2451.029053 0.000000 0.611520 0.000000 -0.791229 0.298243 0.298243 0.298243
4411.981445 0.000000 2371.078613 0.000000 0.593834 0.000000 -0.804588 0.225120 0.225120 0.225120
4353.451172 0.000000 2384.519287 0.000000 0.669737 0.000000 -0.742599 0.207940 0.207940 0.207940
4401.272949 0.000000 2405.968750 0.000000 0.424604 0.000000 -0.905379 0.231499 0.231499 0.231499
4415.958008 0.000000 2393.242676 0.000000 0.282411 0.000000 -0.959293 0.209941 0.209941 0.209941
4372.569336 0.000000 2377.730225 0.000000 0.068362 0.000000 -0.997661 0.267888 0.267888 0.267888
4360.407715 0.000000 2380.156006 0.000000 0.694210 0.000000 -0.719772 0.288850 0.288850 0.288850
4404.365234 0.000000 2411.610107 0.000000 0.057444 0.000000 -0.998349 0.217934 0.217934 0.217934
4410.511719 0.000000 2392.853760 0.000000 0.411477 0.000000 -0.911420 0.228983 0.228983 0.228983
4392.763184 0.000000 2387.465820 0.000000 0.070987 0.000000 -0.997477 0.285592 0.285592 0.285592
4408.315430 0.000000 2409.352783 0.000000 0.051907 0.000000 -0.998652 0.366664 0.366664 0.366664
4403.016113 0.000000 2393.194824 0.000000 0.653873 0.000000 -0.756604 0.272701 0.272701 0.272701
4375.068359 0.000000 2376.854980 0.000000 0.378748 0.000000 -0.925500 0.283462 0.283462 0.283462
4408.473633 0.000000 2380.474609 0.000000 0.264667 0.000000 -0.964340 0.283082 0.283082 0.283082
4372.805176 0.000000 2372.411377 0.000000 0.415551 0.000000 -0.909570 0.282627 0.282627 0.282627
4359.143066 0.000000 2399.728271 0.000000 0.390516 0.000000 -0.920596 0.380143 0.380143 0.380143
4383.005371 0.000000 2407.248535 0.000000 0.517720 0.000000 -0.855550 0.467150 0.467150 0.467150
4401.424316 0.000000 2410.760254 0.000000 0.440125 0.000000 -0.897936 0.362971 0.362971 0.362971
4407.867676 0.000000 2419.575439 0.000000 0.483655 0.000000 -0.875259 0.337782 0.337782 0.337782
4385.987305 0.000000 2409.957520 0.000000 0.083251 0.000000 -0.996529 0.399561 0.399561 0.399561
4407.432129 0.000000 2421.427490 0.000000 0.529386 0.000000 -0.848381 0.433689 0.433689 0.433689
4363.557617 0.000000 2412.291504 0.000000 0.609584 0.000000 -0.792722 0.369842 0.369842 0.369842
4453.982422 0.000000 2422.605469 0.000000 0.651164 0.000000 -0.758937 0.241110 0.241110 0.241110
4438.478027 0.000000 2407.237061 0.000000 0.545061 0.000000 -0.838396 0.208316 0.208316 0.208316
4418.500488 0.000000 2392.087891 0.000000 0.220013 0.000000 -0.975497 0.235595 0.235595 0.235595
4457.260742 0.000000 2416.565918 0.000000 0.502258 0.000000 -0.864718 0.234399 0.234399 0.234399
4416.098633 0.000000 2379.292725 0.000000 0.353834 0.000000 -0.935308 0.294036 0.294036 0.294036
4422.330566 0.000000 2384.440674 0.000000 0.111330 0.000000 -0.993783 0.213479 0.213479 0.213479
4420.047852 0.000000 2380.693848 0.000000 0.290168 0.000000 -0.956976 0.273945 0.273945 0.273945
4422.424805 0.000000 2392.703857 0.000000 0.047812 0.000000 -0.998856 0.246403 0.246403 0.246403
4421.464844 0.000000 2377.125732 0.000000 0.442646 0.000000 -0.896696 0.224554 0.224554 0.224554
4454.346680 0.000000 2426.601318 0.000000 0.492038 0.000000 -0.870574 0.285003 0.285003 0.285003
4445.422852 0.000000 2410.895508 0.000000 0.394536 0.000000 -0.918881 0.311708 0.311708 0.311708
4444.947754 0.000000 2402.415527 0.000000 0.201832 0.000000 -0.979420 0.300582 0.300582 0.300582
4438.782715 0.000000 2379.647217 0.000000 0.111842 0.000000 -0.993726 0.267136 0.267136 0.267136
4444.944336 0.000000 2408.211182 0.000000 0.288293 0.000000 -0.957542 0.310240 0.310240 0.310240
4445.291016 0.000000 2414.686279 0.000000 0.647915 0.000000 -0.761713 0.291665 0.291665 0.291665
4447.330566 0.000000 2404.764893 0.000000 0.517913 0.000000 -0.855433 0.305264 0.305264 0.305264
4447.373535 0.000000 2415.776855 0.000000 0.502295 0.000000 -0.864696 0.307139 0.307139 0.307139
4447.005371 0.000000 2407.248535 0.000000 0.164973 0.000000 -0.986298 0.314957 0.314957 0.314957
4439.366211 0.000000 2374.996338 0.000000 0.374260 0.000000 -0.927324 0.476765 0.476765 0.476765
4401.519043 0.000000 2435.157715 0.000000 0.636654 0.000000 -0.771149 0.458482 0.458482 0.458482
4354.500488 0.000000 2448.572266 0.000000 0.658374 0.000000 -0.752691 0.240971 0.240971 0.240971
4382.530273 0.000000 2452.288086 0.000000 0.530689 0.000000 -0.847567 0.292332 0.292332 0.292332
4393.385742 0.000000 2461.746338 0.000000 0.644994 0.000000 -0.764187 0.215340 0.215340 0.215340
4402.789551 0.000000 2440.915527 0.000000 0.335842 0.000000 -0.941918 0.424809 0.424809 0.424809
4387.991211 0.000000 2444.554688 0.000000 0.297824 0.000000 -0.954621 0.212033 0.212033 0.212033
4397.311035 0.000000 2463.177979 0.000000 0.220965 0.000000 -0.975282 0.217647 0.217647 0.217647
4352.156738 0.000000 2483.728271 0.000000 0.268293 0.000000 -0.963337 0.219870 0.219870 0.219870
4393.204590 0.000000 2465.389404 0.000000 0.481862 0.000000 -0.876247 0.270013 0.270013 0.270013
4398.042969 0.000000 2434.682861 0.000000 0.467364 0.000000 -0.884065 0.357407 0.357407 0.357407
4403.634277 0.000000 2471.555908 0.000000 0.298786 0.000000 -0.954320 0.496820 0.496820 0.496820
4403.759277 0.000000 2460.192871 0.000000 0.589906 0.000000 -0.807472 0.231717 0.231717 0.231717
4404.463867 0.000000 2443.909912 0.000000 0.109546 0.000000 -0.993982 0.241270 0.241270 0.241270
4373.235840 0.000000 2448.689209 0.000000 0.397281 0.000000 -0.917697 0.255108 0.255108 0.255108
4411.000977 0.000000 2466.629150 0.000000 0.065618 0.000000 -0.997845 0.420214 0.420214 0.420214
4414.994629 0.000000 2476.451904 0.000000 0.469963 0.000000 -0.882686 0.482624 0.482624 0.482624
4411.739258 0.000000 2433.334717 0.000000 0.330821 0.000000 -0.943694 0.494242 0.494242 0.494242
4380.838379 0.000000 2453.895508 0.000000 0.375857 0.000000 -0.926678 0.344583 0.344583 0.344583
4407.794922 0.000000 2441.834229 0.000000 0.044807 0.000000 -0.998996 0.516576 0.516576 0.516576
4398.671387 0.000000 2475.282715 0.000000 0.369594 0.000000 -0.929193 0.327036 0.327036 0.327036
4401.424316 0.000000 2467.244629 0.000000 0.517276 0.000000 -0.855819 0.332235 0.332235 0.332235
4415.374512 0.000000 2468.923584 0.000000 0.698246 0.000000 -0.715858 0.460951 0.460951 0.460951
4408.246582 0.000000 2431.685059 0.000000 0.366640 0.000000 -0.930363 0.316869 0.316869 0.316869
4402.750488 0.000000 2469.381348 0.000000 0.203418 0.000000 -0.979092 0.504351 0.504351 0.504351
4402.317871 0.000000 2433.281250 0.000000 0.129236 0.000000 -0.991614 0.484817 0.484817 0.484817
4412.454590 0.000000 2469.167236 0.000000 0.293148 0.000000 -0.956067 0.497271 0.497271 0.497271
4415.825195 0.000000 2442.080811 0.000000 0.308543 0.000000 -0.951210 0.377490 0.377490 0.377490
4420.458496 0.000000 2483.294189 0.000000 0.293471 0.000000 -0.955968 0.209216 0.209216 0.209216
4447.453613 0.000000 2445.558350 0.000000 0.017534 0.000000 -0.999846 0.216931 0.216931 0.216931
4456.832520 0.000000 2432.329346 0.000000 0.106954 0.000000 -0.994264 0.213155 0.213155 0.213155
4450.900879 0.000000 2428.892822 0.000000 0.450015 0.000000 -0.893021 0.240573 0.240573 0.240573
4474.511719 0.000000 2449.338135 0.000000 0.081362 0.000000 -0.996685 0.213386 0.213386 0.213386
4443.932617 0.000000 2449.097656 0.000000 0.409716 0.000000 -0.912213 0.368724 0.368724 0.368724
4416.514160 0.000000 2444.908936 0.000000 0.591990 0.000000 -0.805946 0.263514 0.263514 0.263514
4416.156738 0.000000 2483.728271 0.000000 0.686040 0.000000 -0.727564 0.273153 0.273153 0.273153
4458.673340 0.000000 2428.971924 0.000000 0.418356 0.000000 -0.908283 0.247879 0.247879 0.247879
4419.820801 0.000000 2442.633545 0.000000 0.403793 0.000000 -0.914851 0.267469 0.267469 0.267469
4440.795410 0.000000 2456.740234 0.000000 0.529355 0.000000 -0.848400 0.254054 0.254054 0.254054
4417.118652 0.000000 2473.558350 0.000000 0.335618 0.000000 -0.941998 0.493853 0.493853 0.493853
4442.245605 0.000000 2447.340088 0.000000 0.223029 0.000000 -0.974812 0.337573 0.337573 0.337573
4441.598145 0.000000 2452.459717 0.000000 0.570738 0.000000 -0.821132 0.344448 0.344448 0.344448
"}
